Using 32 processors across 1 nodes
Features  15136
Genome in aln:  69686
Genome included:  53565
all_y 154
train_y 154
test_y 154
Finished preparing the sequences in --- 325.544 seconds ---
Random Forest: 0.9489798639818643 (0.0013614880936765447)

Validating on test data set
Confusion Matrix Classification report
              precision    recall  f1-score   support

       10221      0.818     1.000     0.900        54
        1043      0.644     1.000     0.784        38
        1063      0.929     1.000     0.963       104
        1085      1.000     1.000     1.000        19
        1102      1.000     1.000     1.000        57
        1142      1.000     1.000     1.000        13
        1148      0.818     1.000     0.900        27
        1179      0.969     0.969     0.969       130
        1189      0.661     0.949     0.779        39
        1208      1.000     0.900     0.947        20
       12210      1.000     1.000     1.000        18
       12995      0.991     1.000     0.995       955
       13180      1.000     0.930     0.964        43
       13208      0.895     1.000     0.944        17
       13245      1.000     0.952     0.976        21
       13264      1.000     1.000     1.000        19
        1328      0.909     1.000     0.952        30
       13301      0.946     1.000     0.972        35
       13389      0.915     1.000     0.956        43
       13413      1.000     1.000     1.000        32
        1455      0.846     1.000     0.917        11
        1508      1.000     0.920     0.958        25
       15279      1.000     0.992     0.996       129
        1540      0.900     1.000     0.947        18
        1582      1.000     1.000     1.000        21
          16      1.000     1.000     1.000        10
       16416      0.800     1.000     0.889         4
       16909      1.000     1.000     1.000        12
        1698      0.821     1.000     0.902        23
       16987      0.966     1.000     0.982        28
       17002      1.000     0.812     0.897        16
       17027      0.921     1.000     0.959        35
        1726      1.000     1.000     1.000        10
       17444      0.978     1.000     0.989        44
       17516      1.000     1.000     1.000        39
       18372      1.000     0.783     0.878        23
        1852      0.773     0.944     0.850        18
       19653      1.000     1.000     1.000        40
       20544      1.000     1.000     1.000        26
       21210      1.000     0.984     0.992        64
        2175      0.980     1.000     0.990        49
       21976      0.941     0.914     0.928        35
       22075      1.000     1.000     1.000        37
       22279      1.000     1.000     1.000        11
       22280      1.000     1.000     1.000        15
       22318      0.992     0.969     0.980       128
       23032      1.000     1.000     1.000        24
       23107      1.000     1.000     1.000        49
       24039      1.000     1.000     1.000        42
        2445      1.000     0.579     0.733        19
       24502      1.000     1.000     1.000        25
        2490      0.927     1.000     0.962        51
       25251      1.000     1.000     1.000        10
       25297      1.000     0.987     0.994        78
        2532      0.958     1.000     0.979        23
       25470      1.000     1.000     1.000        19
         255      0.923     0.859     0.890      1075
       25545      1.000     0.980     0.990        49
         256      0.996     0.979     0.988       487
        2566      0.961     1.000     0.980        49
        2574      0.973     1.000     0.986       109
       25780      0.923     0.923     0.923        13
         258      0.988     0.947     0.967      2483
       26286      0.964     1.000     0.982        27
       26377      0.984     1.000     0.992       185
        2649      0.909     1.000     0.952        20
         266      0.926     1.000     0.962        25
       26711      1.000     0.980     0.990       203
       26754      1.000     0.961     0.980        76
       26806      1.000     1.000     1.000        19
       26989      1.000     0.939     0.969        33
       27413      0.942     1.000     0.970        65
       27456      0.970     1.000     0.985        32
       27569      1.000     1.000     1.000        25
       27578      0.929     1.000     0.963        26
       27666      1.000     1.000     1.000        15
       27693      0.994     0.966     0.980       350
       27698      0.923     1.000     0.960        12
       27700      0.959     1.000     0.979        47
       27736      1.000     1.000     1.000        21
        2774      1.000     1.000     1.000        10
       27950      0.983     1.000     0.991        58
       28012      1.000     1.000     1.000        54
       28019      1.000     1.000     1.000        65
       28179      1.000     0.974     0.987       192
       28445      1.000     0.988     0.994        85
       28513      1.000     0.943     0.971        35
       28786      1.000     1.000     1.000        50
       28825      1.000     1.000     1.000        32
       28987      1.000     0.974     0.987        39
         291      0.689     0.775     0.729        40
       29259      0.943     1.000     0.971        33
       29310      0.957     1.000     0.978        22
       29423      1.000     1.000     1.000        18
       29516      0.968     1.000     0.984        30
         297      0.700     0.949     0.806        59
       29952      1.000     1.000     1.000        36
         300      0.983     0.951     0.967      2766
         301      0.655     0.956     0.777       137
       30174      1.000     1.000     1.000        43
       30180      0.800     1.000     0.889         4
       30362      1.000     1.000     1.000        43
       30431      1.000     1.000     1.000        15
       30498      1.000     1.000     1.000        26
       30499      1.000     1.000     1.000        32
         305      0.978     0.978     0.978        45
       31179      0.957     0.989     0.973       181
         317      0.739     0.950     0.831       119
       31744      1.000     1.000     1.000        62
        3186      0.875     0.875     0.875        16
       31942      1.000     1.000     1.000        68
        3297      0.833     0.833     0.833        12
         333      0.747     0.912     0.821        68
         336      0.875     1.000     0.933         7
         338      0.673     0.871     0.759        85
         348      1.000     0.907     0.951        86
        3530      0.983     1.000     0.992        59
         355      0.971     0.985     0.978        67
         358      0.981     1.000     0.990        52
         369      0.982     0.991     0.987       113
        3859      0.967     0.978     0.972        89
         399      0.952     0.995     0.973       200
           4      0.940     0.950     0.945       397
        4313      0.933     1.000     0.966        14
         454      0.686     0.967     0.803       120
        4669      1.000     0.733     0.846        30
        4713      0.864     0.826     0.844        23
        4971      1.000     1.000     1.000        36
         498      0.968     0.928     0.948       195
        5447      1.000     0.984     0.992       187
         550      0.974     0.904     0.938       335
         551      0.464     0.963     0.627        27
         623      0.923     0.984     0.952        61
        6331      0.929     1.000     0.963        13
        6360      1.000     1.000     1.000        22
         645      1.000     1.000     1.000        28
        6620      1.000     0.824     0.903        17
          67      0.923     1.000     0.960        36
         681      0.978     0.978     0.978        45
        7363      1.000     1.000     1.000         9
         750      1.000     0.375     0.545        16
         768      0.983     0.847     0.910       275
         780      0.962     1.000     0.980       100
         800      0.981     0.946     0.963       111
         834      0.957     1.000     0.978        22
         844      0.663     0.983     0.792        60
        8626      1.000     1.000     1.000         8
        8902      1.000     1.000     1.000        18
        9238      1.000     1.000     1.000        14
        9505      1.000     1.000     1.000        30
        9581      1.000     0.429     0.600         7
        9734      1.000     0.968     0.984        31
         985      0.981     0.981     0.981       105
        9999      0.982     1.000     0.991        54

    accuracy                          0.955     16070
   macro avg      0.947     0.964     0.950     16070
weighted avg      0.962     0.955     0.957     16070

Overall Stats
accuracy: 0.955196017423771
f1 score: 0.9504853459038339
precision: 0.9470282928074703
recall: 0.9640398472234387
Finished Random Forest in --- 83.582 seconds ---
