Features 20188
Genome in aln: 159515
Genome included: 117191
all_y: 406
train_y: 406
test_y: 406
Finished preparing the sequences in --- 932.620 seconds ---
#########################################
Random Forest: 0.9471432290435466 (0.0014914506051895765)
              precision    recall  f1-score   support

       10221      0.938     0.978     0.957        92
        1043      0.645     1.000     0.784        49
       10505      0.833     0.833     0.833         6
        1063      0.870     0.991     0.926       108
        1085      1.000     1.000     1.000        53
        1094      0.900     1.000     0.947         9
        1102      1.000     1.000     1.000       125
        1142      0.933     1.000     0.966        14
        1148      0.852     1.000     0.920        23
        1179      0.982     0.781     0.870       137
        1189      0.617     0.974     0.755        38
        1208      1.000     0.615     0.762        26
       12210      1.000     1.000     1.000        27
        1222      0.917     1.000     0.957        11
        1240      0.538     0.538     0.538        13
       12995      0.991     0.964     0.977      1099
       13059      0.818     0.900     0.857        10
       13180      1.000     0.974     0.987        38
       13208      0.864     0.905     0.884        21
       13245      0.960     1.000     0.980        24
       13264      0.941     1.000     0.970        32
        1328      0.811     1.000     0.896        43
       13301      0.933     1.000     0.966        56
       13389      0.792     1.000     0.884        42
       13413      0.957     0.936     0.946        47
       13561      1.000     0.952     0.976        21
        1455      0.895     1.000     0.944        17
       14963      0.667     0.667     0.667         6
        1507      0.924     0.823     0.871       327
        1508      0.976     1.000     0.988        40
       15279      1.000     0.993     0.997       144
       15298      1.000     0.727     0.842        11
        1540      0.810     1.000     0.895        17
        1582      1.000     1.000     1.000        27
          16      1.000     0.909     0.952        11
       16681      1.000     1.000     1.000        12
       16808      0.833     0.962     0.893        26
       16909      1.000     0.929     0.963        14
       16987      0.901     1.000     0.948        64
       17002      1.000     0.895     0.944        19
       17027      0.912     0.984     0.947        63
        1726      0.867     0.929     0.897        14
       17444      0.946     0.981     0.964        54
       17466      0.750     1.000     0.857        18
       17516      1.000     1.000     1.000        58
       17607      0.961     1.000     0.980        49
        1824      1.000     1.000     1.000        14
       18372      0.944     0.708     0.810        24
       18398      1.000     0.750     0.857        12
        1852      0.759     0.759     0.759        29
       19653      1.000     0.979     0.989        48
       20133      0.820     1.000     0.901        41
       21098      1.000     1.000     1.000        16
       21210      0.980     0.953     0.966       211
        2165      1.000     0.786     0.880        14
        2175      1.000     1.000     1.000        57
       22075      1.000     0.982     0.991        55
       22279      1.000     1.000     1.000        26
       22280      1.000     1.000     1.000        23
       22318      0.788     0.993     0.879       146
       22896      0.875     0.583     0.700        12
       23032      1.000     1.000     1.000        30
       23107      1.000     0.939     0.969        33
       23939      0.963     1.000     0.981        26
       24039      1.000     1.000     1.000        46
        2445      0.909     1.000     0.952        20
       24502      1.000     1.000     1.000        37
       24788      1.000     1.000     1.000        32
        2490      0.911     0.973     0.941        74
       25251      1.000     1.000     1.000        13
       25297      0.990     0.990     0.990       103
       25300      1.000     1.000     1.000        12
        2532      0.857     1.000     0.923        18
       25468      0.941     1.000     0.970        16
       25470      1.000     0.871     0.931        31
         255      0.917     0.855     0.885      1379
       25545      0.989     1.000     0.994       174
         256      0.994     0.984     0.989       508
       25734      1.000     0.973     0.986        37
        2574      0.985     0.993     0.989       134
       25780      0.962     0.926     0.943        27
         258      0.987     0.930     0.957      3026
       25988      1.000     1.000     1.000        28
       26188      1.000     1.000     1.000        16
       26286      0.966     0.966     0.966        29
       26321      1.000     0.909     0.952        11
       26377      0.955     0.867     0.909       684
       26477      0.990     0.980     0.985       407
         266      0.935     0.967     0.951        30
       26711      0.993     0.937     0.964       316
       26754      0.983     0.946     0.964       315
       26806      1.000     1.000     1.000        45
       26989      0.972     0.946     0.959        37
       27324      0.786     1.000     0.880        11
       27413      0.884     0.927     0.905        41
       27449      0.962     1.000     0.981        51
       27456      0.977     0.953     0.965       576
       27465      1.000     1.000     1.000        36
       27578      0.980     0.980     0.980        49
       27581      1.000     1.000     1.000        15
       27666      1.000     1.000     1.000        20
       27693      0.971     0.950     0.960       872
       27698      1.000     1.000     1.000         9
       27736      1.000     1.000     1.000        26
        2774      1.000     1.000     1.000        11
       27774      0.953     1.000     0.976        81
       27950      0.965     0.994     0.979       166
       28012      1.000     0.993     0.997       151
       28019      1.000     1.000     1.000       142
       28127      1.000     1.000     1.000        28
       28179      0.658     0.912     0.765        57
       28274      1.000     1.000     1.000        19
       28445      0.940     0.965     0.952       114
       28513      0.991     0.991     0.991       107
       28606      0.941     1.000     0.970        16
       28714      0.976     1.000     0.988        40
       28743      0.962     0.962     0.962        26
       28786      0.977     0.977     0.977        44
       28825      1.000     1.000     1.000        37
       28885      0.839     0.901     0.869        81
       28987      0.980     0.941     0.960        51
         291      0.641     0.872     0.739        47
       29144      1.000     1.000     1.000        27
       29259      0.971     0.992     0.981       133
       29310      0.943     0.991     0.966       116
       29320      0.873     0.986     0.926        70
       29367      0.780     1.000     0.877        32
       29368      0.900     0.947     0.923        19
       29374      0.963     0.963     0.963        81
       29376      0.829     0.978     0.897        89
       29432      0.988     0.988     0.988        82
       29496      1.000     1.000     1.000        25
       29516      0.949     1.000     0.974        56
       29670      1.000     1.000     1.000        29
       29691      1.000     1.000     1.000        10
         297      0.596     0.898     0.716        59
       29839      1.000     0.965     0.982        86
       29873      1.000     1.000     1.000        17
       29952      1.000     1.000     1.000        50
       29967      1.000     1.000     1.000        13
       29978      1.000     1.000     1.000        36
       29993      1.000     1.000     1.000        16
         300      0.963     0.908     0.934      3341
       30018      1.000     0.989     0.994       273
       30071      1.000     0.885     0.939        26
       30095      0.996     0.972     0.984       249
         301      0.605     0.953     0.740       127
       30163      0.991     1.000     0.996       115
       30173      0.821     0.958     0.885        48
       30174      1.000     0.959     0.979        74
       30180      1.000     0.986     0.993       142
       30199      0.980     1.000     0.990        50
       30210      1.000     1.000     1.000        16
       30333      0.933     1.000     0.966        14
       30362      1.000     1.000     1.000       116
       30431      0.956     1.000     0.977        43
       30498      0.961     1.000     0.980        74
       30499      0.957     1.000     0.978        45
         305      0.943     0.980     0.962        51
       30500      0.882     1.000     0.938        15
       30933      0.967     1.000     0.983        29
       30945      0.977     1.000     0.988        85
       30950      1.000     1.000     1.000        32
       31067      1.000     1.000     1.000        65
       31169      0.889     0.941     0.914        17
       31179      0.989     0.941     0.965      1478
       31217      0.839     1.000     0.912        26
       31272      1.000     1.000     1.000        44
       31352      1.000     1.000     1.000        19
       31384      1.000     1.000     1.000        28
       31421      0.994     0.867     0.926       361
       31434      0.993     1.000     0.996       133
       31473      0.892     1.000     0.943        66
       31480      1.000     1.000     1.000        50
       31631      0.909     0.769     0.833        26
       31641      1.000     0.981     0.990       104
         317      0.679     0.956     0.794       113
       31725      1.000     1.000     1.000        23
       31744      0.998     0.973     0.985       520
       31775      0.720     0.922     0.808        64
       31803      1.000     0.995     0.998       203
        3186      0.952     1.000     0.976        20
       31873      0.938     1.000     0.968        15
       31890      1.000     0.969     0.984        32
       31942      0.984     0.995     0.989       364
       31973      1.000     1.000     1.000        21
       32010      1.000     1.000     1.000        44
       32100      0.959     1.000     0.979        47
       32234      0.889     0.800     0.842        10
       32357      1.000     1.000     1.000        15
       32400      0.991     1.000     0.996       112
       32406      1.000     1.000     1.000        97
       32467      1.000     1.000     1.000        42
       32544      0.632     0.982     0.769        56
       32618      0.674     0.935     0.784        31
       32923      0.960     1.000     0.980        24
       32941      1.000     1.000     1.000        32
        3297      1.000     0.933     0.966        15
       32971      1.000     1.000     1.000        17
       33002      1.000     1.000     1.000        38
       33003      1.000     1.000     1.000        18
       33194      1.000     1.000     1.000        22
         333      0.707     0.943     0.808       105
       33330      0.895     1.000     0.944        17
       33331      1.000     1.000     1.000        23
       33350      1.000     1.000     1.000        51
       33363      0.971     1.000     0.986        34
       33381      1.000     1.000     1.000        76
       33460      0.920     0.958     0.939        24
       33569      0.968     1.000     0.984        90
       33592      1.000     1.000     1.000        24
         336      1.000     1.000     1.000        13
       33603      0.956     1.000     0.977        65
       33612      0.974     1.000     0.987        37
       33689      0.886     0.912     0.899        34
       33695      0.985     0.957     0.971        70
       33703      0.905     0.950     0.927        20
       33763      0.985     0.941     0.962        68
       33773      0.970     1.000     0.985        32
         338      0.578     0.940     0.716        83
       33932      1.000     1.000     1.000        14
       33964      1.000     1.000     1.000        19
       33979      0.952     1.000     0.976        40
       34142      0.969     1.000     0.984        62
       34268      1.000     1.000     1.000        35
       34310      1.000     1.000     1.000        12
       34410      0.735     0.962     0.833        26
       34423      0.947     1.000     0.973        36
       34437      0.943     1.000     0.971        33
       34485      1.000     0.929     0.963        28
       34499      1.000     1.000     1.000        19
       34505      1.000     1.000     1.000        20
       34620      1.000     1.000     1.000        34
       34632      1.000     1.000     1.000        64
       34680      1.000     1.000     1.000        31
         348      0.980     0.926     0.952       108
       34871      0.947     1.000     0.973        18
       34910      1.000     1.000     1.000        90
       34923      1.000     1.000     1.000        11
       34933      1.000     0.979     0.990        97
       34959      1.000     0.966     0.982        29
       34961      1.000     1.000     1.000        14
       34975      1.000     1.000     1.000        50
       34998      0.948     1.000     0.973        73
       35123      0.938     0.739     0.827       268
        3530      0.959     0.986     0.972        71
       35307      1.000     0.792     0.884        24
         355      0.983     1.000     0.991        58
         358      0.939     1.000     0.968        46
       36126      0.970     1.000     0.985        65
       36269      0.983     1.000     0.991        57
       36691      1.000     0.667     0.800         9
         369      0.965     1.000     0.982       139
       37868      0.923     0.857     0.889        14
        3859      0.912     0.989     0.949        94
         399      0.959     0.985     0.972       260
           4      0.697     0.978     0.814       134
       40860      1.000     1.000     1.000        59
       40969      0.988     0.976     0.982        85
       40982      1.000     1.000     1.000        25
       41128      1.000     1.000     1.000        50
       41458      0.929     1.000     0.963        13
       41476      0.983     1.000     0.991        58
       41766      1.000     1.000     1.000        32
       41784      0.974     0.987     0.980        75
       42398      1.000     0.981     0.991        54
       42817      0.862     0.987     0.920        76
       42893      0.962     1.000     0.981        76
       42920      0.811     0.923     0.863        65
        4313      1.000     1.000     1.000        14
       43189      1.000     1.000     1.000        15
       43211      1.000     1.000     1.000        40
       43232      1.000     0.984     0.992        63
        4326      0.786     0.917     0.846        12
       43400      1.000     1.000     1.000        19
       43531      0.976     1.000     0.988        40
       43662      1.000     1.000     1.000        21
         439      0.966     0.933     0.949        30
       44057      1.000     1.000     1.000        47
       44321      1.000     1.000     1.000        68
       44323      0.714     1.000     0.833         5
       44573      1.000     0.968     0.984        31
       44837      1.000     1.000     1.000        33
       45062      0.679     0.982     0.803       114
       45072      1.000     1.000     1.000        76
         454      0.650     0.986     0.783       143
       45440      1.000     1.000     1.000        31
       45452      1.000     1.000     1.000        19
       45545      0.900     1.000     0.947        18
       46070      1.000     1.000     1.000        31
       46169      0.986     1.000     0.993        68
       46434      1.000     1.000     1.000        10
       46649      0.993     0.911     0.950       890
       46669      1.000     0.983     0.991        58
        4669      0.947     0.514     0.667        35
       46855      1.000     1.000     1.000        18
       46880      1.000     1.000     1.000        13
       47078      1.000     1.000     1.000        27
        4713      0.827     1.000     0.905        43
       47364      0.931     0.931     0.931        58
       47408      0.941     1.000     0.970        16
       47512      0.960     1.000     0.980        24
       47951      0.788     1.000     0.881        52
       48047      1.000     1.000     1.000        19
       48251      0.970     1.000     0.985        32
       48625      1.000     0.909     0.952        11
       48734      1.000     1.000     1.000        26
       49321      0.973     1.000     0.986        36
       49395      0.963     1.000     0.981        26
       49629      1.000     1.000     1.000        48
       49676      0.683     0.932     0.789        74
        4971      1.000     1.000     1.000        29
       49777      1.000     1.000     1.000        16
       49798      1.000     1.000     1.000        53
         498      0.560     0.975     0.712        81
       49908      1.000     1.000     1.000       117
       49936      1.000     1.000     1.000        34
       49982      0.967     0.967     0.967        30
       50111      1.000     1.000     1.000        13
       51132      0.941     1.000     0.970        32
       51410      1.000     0.963     0.981        27
       51660      1.000     1.000     1.000        13
       52046      1.000     1.000     1.000        11
       52395      0.960     1.000     0.980        24
       52752      1.000     1.000     1.000        18
       52925      0.955     1.000     0.977        42
       53107      1.000     1.000     1.000        28
       54452      0.970     1.000     0.985        32
       54556      1.000     1.000     1.000        11
        5473      1.000     1.000     1.000        18
       54897      1.000     1.000     1.000        24
       54949      0.967     1.000     0.983        29
         550      0.984     0.935     0.959       339
         551      0.644     1.000     0.784        38
       55253      1.000     1.000     1.000        27
       55421      1.000     1.000     1.000        23
       55540      0.900     1.000     0.947         9
         559      0.667     0.914     0.771        35
       56094      1.000     0.900     0.947        10
       56104      1.000     1.000     1.000        47
       56115      1.000     1.000     1.000        11
       56216      1.000     1.000     1.000        82
       56816      1.000     1.000     1.000        24
       57107      1.000     0.957     0.978        23
       57402      1.000     1.000     1.000        10
       57578      0.889     1.000     0.941         8
       57630      0.985     1.000     0.993       135
       58222      0.778     1.000     0.875         7
       58534      1.000     0.944     0.971       107
       58550      0.842     1.000     0.914        16
       59475      0.833     1.000     0.909         5
         623      0.949     1.000     0.974        75
       62415      1.000     0.867     0.929        15
       62730      0.952     1.000     0.976        40
        6298      0.700     1.000     0.824         7
        6331      0.857     1.000     0.923        12
        6360      1.000     1.000     1.000        65
       63880      1.000     1.000     1.000        21
       63884      1.000     0.978     0.989        89
        6410      0.867     0.722     0.788        18
       64153      1.000     1.000     1.000        19
       64300      0.864     1.000     0.927        51
         645      0.963     0.963     0.963        27
       64726      1.000     1.000     1.000        13
       65578      0.909     1.000     0.952        10
       66559      1.000     0.960     0.980        25
          67      0.958     1.000     0.979        46
       67441      0.955     0.955     0.955        22
       67728      0.870     1.000     0.931        47
       67741      0.963     1.000     0.981        26
       67774      1.000     1.000     1.000        47
       67797      1.000     0.963     0.981        27
       67846      1.000     1.000     1.000        39
         681      0.906     1.000     0.950        48
       70137      1.000     0.978     0.989        45
       70227      1.000     1.000     1.000        25
       70268      1.000     1.000     1.000       104
       70352      1.000     1.000     1.000        24
       70458      1.000     0.964     0.982       221
       70516      1.000     1.000     1.000        30
       70949      1.000     1.000     1.000        15
       71014      1.000     1.000     1.000        10
       71629      1.000     1.000     1.000        22
       72860      1.000     1.000     1.000        12
        7363      1.000     0.846     0.917        13
        7374      0.386     0.759     0.512        29
       74258      0.800     1.000     0.889         4
       74866      1.000     1.000     1.000        22
         750      0.882     0.682     0.769        22
         768      0.980     0.837     0.903       343
         780      0.955     1.000     0.977        85
         800      0.991     0.923     0.956       117
       81085      1.000     1.000     1.000         5
         834      1.000     1.000     1.000        21
        8410      0.933     1.000     0.966        14
         844      0.615     1.000     0.762        48
        8626      1.000     0.889     0.941        18
        8902      1.000     0.960     0.980        25
        9238      1.000     1.000     1.000        14
         927      0.623     0.971     0.759        34
        9478      0.875     0.778     0.824        18
        9505      1.000     1.000     1.000        24
        9581      1.000     0.261     0.414        23
        9734      1.000     0.946     0.972        37
         985      0.992     0.952     0.971       125
        9999      1.000     1.000     1.000        68

    accuracy                          0.947     35158
   macro avg      0.943     0.966     0.950     35158
weighted avg      0.956     0.947     0.949     35158
Overall Stats
accuracy: 0.9474657261505205
f1 score: 0.950287763969088
precision: 0.9432524250417373
recall: 0.96557722110967
Finished Random Forest in --- 412.194 seconds ---
###########################
