266
269
271
273
274
275
277
279
280
281
282
283
285
287
289
290
292
293
294
295
300
301
302
304
305
307
309
311
312
313
314
315
317
319
320
326
327
330
331
332
334
335
336
337
338
339
340
341
342
343
344
345
346
347
349
350
351
353
354
355
356
361
362
363
364
365
366
367
368
369
370
373
374
376
377
378
379
381
383
384
385
386
388
391
392
393
394
398
399
400
401
403
406
407
408
409
410
411
412
414
419
421
422
425
427
428
430
431
433
434
435
436
438
439
440
442
443
444
445
447
449
450
453
454
455
458
459
460
463
466
468
469
470
472
475
476
478
481
482
484
486
487
488
489
490
491
492
493
495
496
498
499
500
501
503
504
505
506
508
509
510
511
512
513
514
515
518
520
521
523
526
527
529
530
532
533
534
535
538
539
541
542
543
544
545
546
547
549
553
556
557
558
559
560
561
563
568
569
571
574
575
577
578
579
580
581
582
583
584
586
587
589
591
592
593
595
596
597
598
599
600
601
602
603
605
606
608
609
610
611
612
613
614
615
617
618
619
620
621
622
625
626
627
629
630
631
634
635
636
639
640
642
643
645
647
652
656
657
658
659
660
661
662
664
666
668
669
670
673
674
675
676
677
678
679
680
681
682
683
687
688
689
690
691
693
694
695
696
697
700
701
703
704
705
706
707
709
710
711
712
713
714
715
716
717
718
720
721
722
723
727
730
732
733
734
739
740
742
744
745
749
751
753
758
760
761
762
763
767
768
771
772
774
775
777
779
781
782
783
784
788
792
793
794
796
798
799
800
802
805
806
807
808
809
810
811
813
814
815
816
817
823
826
829
831
832
833
834
835
838
839
840
841
842
843
844
845
847
850
851
853
854
855
856
860
861
862
870
871
872
873
874
875
878
881
882
883
884
885
886
888
889
894
895
897
900
901
903
904
905
906
910
911
912
913
914
915
916
918
919
920
921
922
923
925
926
929
931
932
933
934
935
936
937
939
940
941
942
943
944
946
949
950
951
952
953
954
955
956
957
958
959
960
963
964
965
967
968
969
970
973
976
979
981
986
988
990
991
992
994
995
997
998
999
1002
1004
1005
1006
1007
1008
1009
1014
1015
1017
1018
1021
1022
1025
1027
1028
1030
1034
1035
1036
1042
1043
1044
1045
1048
1056
1057
1058
1059
1060
1061
1063
1064
1065
1066
1068
1069
1072
1076
1077
1079
1080
1085
1086
1087
1091
1093
1094
1096
1097
1098
1099
1100
1101
1102
1103
1105
1107
1108
1111
1112
1113
1114
1115
1116
1117
1121
1123
1124
1125
1126
1132
1135
1140
1141
1142
1145
1146
1147
1148
1149
1150
1154
1155
1156
1157
1158
1159
1161
1162
1163
1165
1166
1167
1169
1170
1171
1172
1174
1176
1177
1178
1179
1181
1184
1185
1186
1187
1188
1189
1190
1191
1193
1194
1195
1198
1201
1202
1203
1204
1205
1207
1208
1209
1210
1211
1212
1213
1214
1215
1218
1221
1222
1223
1225
1226
1228
1229
1230
1231
1234
1236
1237
1238
1240
1243
1244
1245
1246
1247
1248
1249
1250
1251
1252
1255
1260
1261
1262
1263
1264
1265
1266
1267
1268
1269
1270
1274
1280
1281
1282
1284
1288
1292
1294
1297
1298
1299
1300
1302
1303
1305
1306
1308
1309
1312
1313
1314
1317
1319
1321
1322
1323
1325
1326
1327
1329
1330
1331
1333
1334
1335
1339
1340
1342
1343
1344
1345
1346
1347
1348
1349
1350
1355
1357
1358
1366
1367
1368
1371
1372
1376
1377
1380
1381
1384
1385
1386
1387
1389
1390
1391
1392
1393
1394
1397
1399
1400
1401
1403
1404
1405
1407
1408
1409
1412
1413
1415
1416
1417
1418
1419
1420
1421
1422
1426
1427
1430
1431
1432
1436
1437
1438
1439
1440
1441
1442
1449
1450
1452
1454
1455
1456
1457
1458
1460
1461
1462
1463
1464
1465
1466
1467
1468
1469
1470
1471
1472
1473
1476
1477
1478
1479
1480
1482
1483
1486
1487
1489
1490
1493
1494
1495
1498
1499
1500
1501
1505
1507
1510
1513
1514
1515
1516
1517
1519
1524
1525
1527
1528
1535
1536
1537
1541
1542
1543
1544
1545
1547
1548
1549
1550
1551
1552
1554
1555
1556
1558
1559
1560
1562
1563
1564
1565
1566
1567
1568
1570
1572
1573
1574
1576
1577
1579
1580
1581
1582
1583
1584
1585
1587
1588
1589
1590
1591
1592
1593
1594
1595
1598
1599
1600
1601
1603
1604
1605
1606
1607
1609
1610
1612
1613
1616
1617
1619
1620
1622
1623
1625
1627
1629
1630
1631
1632
1633
1635
1636
1637
1642
1645
1646
1647
1648
1651
1652
1653
1655
1658
1659
1661
1662
1663
1666
1667
1669
1670
1671
1675
1677
1678
1679
1681
1682
1683
1684
1685
1686
1687
1691
1692
1696
1697
1699
1701
1702
1704
1707
1708
1709
1710
1711
1713
1714
1715
1716
1717
1718
1719
1720
1722
1723
1727
1728
1729
1730
1731
1734
1736
1738
1739
1740
1742
1743
1745
1747
1748
1753
1755
1758
1759
1762
1766
1767
1771
1772
1773
1774
1778
1779
1780
1782
1784
1787
1788
1789
1796
1800
1801
1803
1805
1806
1807
1808
1809
1811
1812
1813
1815
1817
1819
1820
1821
1822
1824
1825
1829
1830
1831
1832
1835
1836
1837
1839
1842
1843
1846
1847
1848
1850
1851
1852
1853
1855
1856
1857
1858
1859
1860
1862
1863
1864
1866
1868
1869
1870
1871
1872
1874
1875
1876
1877
1878
1880
1882
1883
1884
1885
1887
1889
1890
1891
1892
1895
1896
1899
1900
1901
1902
1904
1905
1906
1907
1908
1909
1910
1911
1912
1913
1914
1915
1917
1918
1919
1924
1925
1926
1927
1928
1929
1930
1931
1932
1934
1935
1936
1938
1940
1941
1942
1943
1944
1945
1946
1947
1951
1953
1954
1957
1959
1960
1961
1962
1965
1968
1969
1971
1972
1973
1976
1977
1978
1979
1980
1981
1982
1983
1984
1987
1989
1990
1992
1997
1998
1999
2000
2001
2002
2003
2005
2010
2013
2014
2015
2016
2018
2022
2023
2025
2028
2029
2030
2031
2032
2035
2036
2037
2040
2041
2042
2044
2045
2048
2051
2053
2057
2058
2059
2061
2062
2064
2065
2066
2068
2070
2071
2072
2073
2075
2076
2077
2078
2081
2083
2086
2089
2091
2092
2094
2095
2097
2098
2100
2101
2102
2104
2106
2109
2110
2111
2112
2113
2114
2115
2116
2117
2118
2119
2121
2123
2124
2125
2126
2127
2128
2129
2130
2132
2135
2137
2138
2139
2140
2141
2142
2143
2144
2146
2147
2149
2150
2151
2153
2155
2156
2158
2160
2161
2162
2163
2164
2165
2166
2167
2169
2170
2173
2174
2177
2179
2180
2182
2183
2184
2185
2187
2189
2194
2196
2197
2198
2200
2201
2203
2205
2206
2210
2211
2212
2215
2217
2219
2220
2221
2222
2223
2224
2226
2227
2228
2229
2230
2231
2232
2233
2235
2237
2238
2239
2240
2242
2243
2244
2245
2246
2249
2250
2251
2252
2254
2255
2258
2260
2261
2262
2263
2264
2266
2268
2269
2270
2272
2273
2274
2275
2277
2278
2280
2281
2282
2283
2284
2286
2288
2289
2290
2292
2293
2295
2296
2299
2300
2305
2306
2309
2310
2311
2313
2314
2317
2318
2319
2324
2325
2326
2329
2330
2331
2333
2334
2335
2336
2338
2339
2340
2341
2342
2343
2345
2348
2354
2356
2357
2358
2361
2363
2368
2369
2370
2371
2375
2376
2377
2378
2380
2381
2385
2388
2390
2391
2393
2395
2397
2398
2399
2401
2402
2404
2406
2407
2410
2416
2419
2420
2421
2422
2424
2426
2428
2430
2431
2432
2433
2434
2436
2437
2438
2439
2440
2441
2442
2444
2445
2446
2447
2448
2449
2450
2452
2453
2454
2455
2456
2458
2459
2461
2462
2463
2465
2466
2467
2468
2469
2470
2471
2475
2477
2480
2482
2484
2485
2488
2489
2491
2493
2494
2497
2498
2499
2500
2501
2502
2503
2504
2506
2507
2508
2509
2510
2511
2512
2514
2518
2522
2523
2524
2526
2527
2528
2529
2531
2533
2534
2536
2537
2542
2543
2544
2549
2550
2551
2556
2558
2559
2560
2561
2565
2568
2570
2571
2572
2574
2576
2577
2578
2580
2581
2583
2584
2585
2586
2587
2589
2590
2591
2592
2593
2594
2596
2597
2599
2600
2602
2604
2607
2609
2610
2618
2620
2622
2623
2625
2626
2627
2630
2632
2635
2638
2639
2641
2642
2644
2645
2647
2648
2650
2651
2652
2653
2654
2655
2657
2658
2659
2662
2664
2667
2668
2669
2672
2674
2675
2676
2679
2680
2685
2687
2692
2695
2697
2698
2699
2700
2701
2704
2705
2706
2707
2708
2710
2711
2712
2713
2716
2717
2720
2721
2722
2723
2724
2725
2728
2731
2734
2737
2743
2745
2747
2748
2749
2751
2752
2755
2756
2761
2762
2764
2765
2773
2775
2776
2778
2780
2782
2783
2785
2786
2787
2788
2790
2796
2798
2800
2801
2803
2804
2805
2806
2807
2808
2809
2810
2815
2817
2818
2819
2822
2827
2828
2832
2833
2836
2837
2838
2839
2840
2841
2842
2845
2847
2848
2849
2851
2854
2857
2859
2862
2863
2865
2866
2867
2869
2870
2871
2872
2875
2878
2879
2880
2881
2882
2883
2884
2885
2886
2888
2890
2891
2892
2893
2895
2896
2899
2900
2901
2902
2903
2907
2908
2909
2910
2911
2914
2915
2916
2918
2919
2920
2921
2922
2923
2924
2925
2929
2931
2933
2935
2937
2938
2939
2940
2941
2942
2943
2944
2945
2946
2947
2948
2950
2952
2953
2955
2956
2957
2962
2964
2965
2966
2967
2969
2971
2973
2976
2980
2982
2983
2987
2992
2995
2996
2997
2998
3003
3004
3006
3009
3010
3011
3013
3014
3015
3016
3018
3020
3021
3022
3023
3025
3030
3033
3034
3036
3037
3039
3040
3041
3042
3043
3044
3045
3046
3047
3049
3051
3052
3053
3054
3055
3056
3057
3058
3060
3061
3064
3065
3066
3067
3069
3070
3072
3074
3075
3076
3078
3079
3081
3082
3084
3085
3086
3087
3090
3091
3092
3093
3094
3095
3096
3097
3099
3100
3102
3103
3109
3112
3113
3114
3116
3117
3118
3119
3120
3121
3122
3123
3126
3130
3132
3133
3134
3136
3137
3138
3139
3140
3141
3142
3143
3144
3145
3146
3148
3151
3152
3153
3154
3156
3157
3159
3160
3161
3162
3163
3164
3165
3166
3167
3168
3169
3170
3171
3172
3173
3175
3176
3177
3178
3179
3180
3181
3182
3183
3184
3185
3186
3187
3188
3189
3190
3192
3193
3195
3196
3197
3199
3200
3203
3206
3210
3215
3216
3217
3219
3223
3224
3225
3226
3228
3229
3230
3231
3234
3235
3237
3239
3241
3242
3243
3244
3245
3246
3248
3249
3250
3251
3253
3254
3256
3258
3259
3260
3261
3262
3263
3264
3267
3268
3269
3270
3275
3276
3278
3281
3282
3286
3287
3289
3291
3293
3294
3297
3298
3300
3304
3305
3306
3307
3308
3309
3311
3312
3313
3315
3317
3318
3319
3320
3321
3322
3323
3327
3328
3330
3331
3332
3334
3337
3338
3339
3340
3341
3342
3344
3345
3350
3351
3353
3354
3359
3365
3369
3370
3371
3372
3373
3374
3375
3379
3380
3381
3382
3388
3390
3392
3393
3395
3397
3398
3403
3405
3406
3409
3410
3411
3413
3416
3418
3419
3421
3423
3424
3425
3426
3427
3428
3429
3430
3431
3432
3433
3434
3436
3437
3442
3444
3447
3450
3451
3452
3455
3456
3457
3463
3464
3466
3467
3468
3469
3470
3471
3472
3473
3475
3476
3477
3478
3481
3482
3483
3484
3485
3486
3487
3488
3492
3493
3496
3498
3499
3502
3503
3504
3505
3508
3509
3510
3511
3512
3514
3517
3518
3520
3523
3524
3526
3528
3529
3530
3531
3532
3533
3536
3538
3540
3541
3542
3543
3546
3547
3548
3549
3550
3551
3552
3556
3558
3559
3560
3562
3563
3564
3566
3567
3569
3573
3575
3576
3577
3578
3579
3580
3582
3583
3587
3589
3591
3592
3593
3595
3598
3599
3602
3603
3604
3606
3607
3608
3610
3611
3613
3614
3615
3618
3619
3620
3621
3622
3624
3625
3626
3627
3628
3630
3631
3632
3633
3634
3635
3636
3638
3640
3643
3644
3645
3646
3647
3649
3653
3654
3655
3656
3661
3662
3663
3666
3668
3670
3671
3672
3675
3682
3685
3686
3688
3689
3691
3692
3694
3695
3697
3698
3700
3701
3702
3704
3709
3710
3714
3717
3718
3719
3722
3725
3727
3728
3729
3730
3732
3733
3734
3736
3737
3738
3741
3742
3743
3744
3745
3746
3749
3754
3755
3759
3760
3764
3765
3766
3768
3769
3772
3773
3774
3775
3776
3777
3778
3779
3780
3783
3784
3786
3787
3790
3791
3792
3793
3794
3795
3796
3798
3801
3805
3808
3809
3810
3811
3817
3818
3821
3825
3827
3828
3829
3830
3831
3832
3833
3835
3836
3838
3839
3841
3842
3843
3844
3845
3846
3847
3849
3852
3854
3856
3858
3859
3860
3862
3863
3866
3867
3871
3872
3873
3874
3875
3876
3877
3880
3881
3884
3885
3889
3891
3892
3893
3894
3895
3896
3897
3901
3902
3903
3904
3906
3907
3909
3911
3912
3914
3915
3916
3917
3919
3920
3923
3924
3925
3927
3929
3930
3931
3932
3933
3934
3935
3936
3937
3938
3942
3943
3947
3948
3949
3950
3951
3952
3954
3955
3956
3959
3960
3961
3964
3965
3966
3969
3971
3976
3977
3981
3982
3983
3984
3985
3987
3988
3989
3990
3992
3993
3994
3995
3996
3998
3999
4000
4002
4003
4006
4007
4008
4009
4010
4011
4012
4014
4015
4016
4017
4020
4021
4024
4027
4030
4033
4034
4035
4039
4040
4044
4045
4047
4048
4049
4050
4051
4052
4053
4054
4057
4058
4059
4060
4063
4067
4068
4069
4070
4071
4073
4076
4080
4084
4087
4088
4090
4091
4092
4093
4096
4098
4099
4100
4103
4104
4105
4106
4108
4109
4111
4113
4114
4115
4116
4120
4123
4124
4125
4126
4127
4133
4136
4138
4140
4144
4145
4146
4148
4149
4151
4154
4155
4158
4160
4162
4165
4166
4171
4172
4174
4179
4180
4181
4182
4183
4184
4185
4186
4189
4195
4197
4198
4200
4201
4202
4205
4206
4207
4208
4211
4212
4213
4214
4216
4217
4218
4223
4225
4226
4227
4228
4229
4230
4231
4232
4233
4234
4235
4236
4237
4240
4242
4246
4249
4252
4255
4258
4261
4265
4266
4269
4270
4271
4273
4276
4280
4282
4285
4288
4290
4291
4293
4295
4296
4297
4298
4300
4301
4303
4305
4307
4308
4316
4317
4319
4320
4321
4324
4326
4327
4328
4330
4331
4336
4340
4341
4345
4346
4351
4352
4354
4357
4359
4360
4363
4364
4367
4369
4370
4372
4386
4387
4389
4390
4391
4392
4393
4396
4397
4399
4400
4402
4403
4404
4406
4407
4408
4409
4410
4411
4412
4414
4417
4418
4420
4421
4422
4423
4427
4429
4430
4432
4435
4436
4438
4439
4440
4441
4442
4444
4447
4448
4449
4450
4451
4452
4454
4455
4456
4457
4460
4465
4467
4469
4473
4474
4475
4476
4477
4480
4481
4483
4485
4486
4487
4490
4494
4495
4499
4501
4503
4504
4507
4510
4511
4516
4518
4519
4520
4521
4522
4523
4524
4528
4531
4534
4537
4540
4542
4543
4544
4546
4547
4548
4549
4550
4551
4552
4553
4554
4556
4558
4559
4560
4561
4563
4564
4565
4568
4570
4571
4572
4573
4574
4575
4576
4577
4579
4582
4583
4584
4586
4589
4590
4591
4595
4596
4597
4607
4608
4609
4615
4618
4624
4627
4630
4631
4632
4633
4634
4638
4640
4642
4644
4648
4649
4651
4654
4655
4656
4657
4659
4660
4665
4667
4668
4672
4673
4676
4679
4681
4682
4683
4684
4686
4687
4690
4693
4694
4696
4698
4699
4704
4706
4708
4710
4711
4714
4719
4720
4728
4729
4730
4732
4733
4735
4739
4741
4744
4747
4748
4752
4754
4755
4756
4761
4762
4763
4764
4765
4768
4774
4776
4777
4778
4779
4780
4782
4783
4784
4788
4790
4794
4795
4797
4800
4801
4802
4803
4809
4810
4811
4815
4822
4824
4826
4827
4830
4832
4834
4838
4839
4840
4843
4846
4847
4849
4851
4853
4854
4858
4860
4861
4866
4870
4871
4872
4874
4876
4878
4881
4884
4885
4886
4887
4888
4889
4890
4891
4892
4893
4894
4897
4898
4899
4900
4901
4903
4904
4905
4907
4908
4911
4912
4913
4915
4916
4917
4918
4921
4922
4923
4924
4925
4926
4927
4928
4930
4931
4932
4933
4935
4936
4938
4940
4942
4946
4947
4949
4950
4951
4954
4955
4956
4958
4960
4961
4962
4963
4965
4967
4975
4976
4980
4981
4982
4984
4987
4990
4992
4993
4994
4999
5000
5002
5004
5005
5007
5008
5010
5011
5012
5013
5014
5015
5017
5018
5020
5021
5022
5023
5025
5026
5027
5028
5029
5030
5031
5032
5035
5036
5037
5040
5041
5047
5050
5051
5052
5053
5055
5059
5062
5063
5065
5068
5069
5071
5073
5079
5084
5092
5093
5094
5095
5097
5098
5100
5101
5102
5104
5106
5107
5108
5114
5115
5116
5117
5118
5120
5124
5125
5126
5128
5130
5135
5136
5137
5138
5140
5141
5142
5143
5144
5146
5147
5148
5149
5150
5152
5155
5157
5158
5159
5160
5161
5163
5164
5165
5167
5170
5171
5173
5174
5175
5176
5178
5179
5180
5182
5183
5184
5185
5192
5194
5198
5200
5203
5205
5206
5209
5210
5211
5212
5213
5218
5220
5221
5223
5229
5230
5234
5239
5240
5241
5246
5247
5250
5253
5255
5257
5259
5263
5264
5269
5273
5274
5277
5278
5280
5281
5284
5289
5290
5293
5296
5297
5298
5299
5301
5302
5305
5306
5309
5310
5311
5312
5314
5317
5321
5323
5326
5329
5331
5332
5335
5336
5337
5338
5339
5340
5342
5343
5344
5345
5346
5347
5348
5353
5356
5357
5359
5365
5366
5368
5371
5374
5377
5378
5380
5384
5385
5386
5388
5389
5391
5392
5402
5405
5406
5407
5408
5409
5410
5411
5413
5415
5416
5420
5421
5422
5425
5429
5431
5432
5433
5434
5436
5437
5441
5446
5448
5449
5454
5457
5461
5462
5463
5464
5465
5467
5468
5469
5470
5475
5477
5481
5482
5484
5485
5489
5491
5492
5496
5497
5503
5504
5505
5506
5507
5509
5511
5512
5513
5515
5518
5521
5525
5526
5527
5533
5535
5538
5539
5540
5541
5542
5544
5545
5546
5547
5548
5549
5551
5553
5554
5555
5556
5557
5558
5560
5561
5563
5564
5566
5567
5570
5571
5572
5573
5575
5580
5581
5582
5583
5593
5595
5598
5599
5603
5605
5607
5608
5609
5612
5616
5617
5618
5619
5620
5621
5622
5626
5628
5629
5632
5636
5637
5641
5643
5644
5646
5647
5648
5650
5653
5654
5657
5658
5662
5665
5666
5667
5668
5672
5673
5674
5678
5681
5689
5690
5691
5693
5694
5695
5696
5698
5699
5700
5701
5704
5706
5707
5713
5716
5717
5718
5719
5723
5724
5725
5728
5730
5731
5736
5739
5742
5743
5755
5758
5761
5767
5770
5773
5775
5777
5779
5784
5785
5787
5790
5792
5796
5797
5800
5803
5804
5806
5809
5810
5812
5816
5817
5819
5820
5821
5822
5824
5825
5826
5827
5829
5830
5832
5833
5834
5835
5836
5838
5839
5840
5842
5843
5845
5846
5848
5849
5850
5852
5855
5857
5860
5866
5869
5872
5874
5875
5876
5877
5878
5880
5881
5884
5886
5887
5891
5892
5893
5903
5905
5907
5914
5917
5920
5923
5924
5925
5926
5927
5928
5934
5937
5941
5942
5944
5946
5949
5950
5953
5954
5956
5958
5967
5968
5972
5974
5977
5979
5980
5985
5986
5991
5995
5997
5999
6003
6004
6007
6008
6011
6013
6016
6017
6019
6023
6025
6026
6027
6028
6030
6031
6032
6033
6034
6035
6036
6037
6039
6040
6041
6042
6043
6046
6051
6052
6055
6056
6058
6063
6064
6067
6068
6069
6070
6073
6077
6078
6080
6081
6082
6083
6085
6091
6094
6096
6097
6099
6105
6108
6109
6112
6113
6114
6117
6118
6120
6123
6124
6125
6127
6128
6130
6133
6134
6136
6139
6143
6145
6148
6151
6163
6167
6168
6169
6170
6173
6174
6175
6178
6181
6183
6187
6190
6191
6192
6193
6195
6196
6197
6198
6199
6201
6202
6204
6208
6211
6213
6217
6220
6224
6226
6228
6230
6231
6233
6236
6238
6245
6247
6248
6250
6252
6253
6254
6255
6258
6262
6264
6266
6267
6268
6270
6271
6273
6274
6276
6277
6278
6283
6285
6286
6292
6293
6294
6295
6297
6304
6306
6307
6308
6309
6310
6311
6312
6313
6314
6316
6317
6318
6319
6320
6322
6324
6325
6327
6329
6330
6331
6334
6335
6336
6337
6340
6341
6342
6343
6344
6345
6346
6347
6348
6349
6350
6351
6352
6353
6354
6355
6356
6357
6358
6359
6360
6361
6362
6363
6364
6366
6367
6368
6370
6371
6372
6373
6375
6376
6378
6380
6384
6385
6387
6388
6389
6391
6393
6394
6395
6397
6398
6400
6401
6402
6403
6404
6406
6407
6408
6409
6411
6412
6413
6414
6415
6419
6421
6422
6423
6424
6425
6426
6428
6429
6430
6431
6433
6435
6439
6441
6442
6443
6444
6445
6446
6448
6449
6451
6454
6459
6461
6463
6466
6467
6468
6469
6472
6473
6474
6475
6476
6479
6481
6482
6483
6487
6488
6492
6496
6500
6501
6502
6503
6504
6507
6512
6513
6515
6518
6519
6520
6521
6522
6523
6525
6527
6528
6529
6530
6531
6532
6533
6536
6537
6538
6539
6541
6542
6543
6544
6546
6547
6548
6549
6551
6552
6553
6554
6555
6556
6557
6558
6561
6563
6564
6565
6566
6568
6569
6572
6573
6576
6578
6579
6581
6582
6588
6589
6591
6592
6593
6594
6597
6598
6600
6601
6604
6606
6608
6609
6611
6612
6613
6616
6617
6618
6622
6625
6626
6627
6628
6629
6630
6632
6633
6636
6637
6638
6639
6640
6641
6642
6646
6647
6648
6649
6651
6652
6653
6654
6657
6658
6659
6660
6661
6662
6663
6664
6665
6666
6667
6668
6669
6670
6671
6672
6673
6674
6675
6677
6679
6681
6685
6686
6689
6690
6691
6692
6693
6694
6695
6696
6699
6701
6703
6704
6706
6707
6708
6709
6710
6712
6713
6715
6716
6717
6719
6720
6721
6723
6726
6729
6730
6731
6732
6733
6734
6736
6738
6740
6741
6745
6748
6749
6751
6752
6753
6754
6759
6762
6768
6769
6771
6775
6779
6781
6786
6788
6791
6793
6794
6798
6802
6804
6807
6808
6813
6814
6818
6819
6821
6825
6826
6828
6831
6832
6833
6834
6838
6839
6840
6842
6843
6844
6846
6847
6848
6849
6850
6851
6853
6855
6861
6862
6865
6866
6867
6868
6869
6870
6872
6874
6876
6877
6880
6882
6883
6884
6889
6890
6894
6896
6898
6900
6901
6903
6905
6906
6907
6913
6922
6925
6926
6927
6934
6936
6941
6943
6944
6945
6949
6950
6956
6958
6961
6964
6968
6971
6975
6976
6977
6979
6981
6982
6983
6984
6985
6986
6987
6988
6989
6990
6995
6996
6997
6999
7000
7001
7002
7003
7005
7006
7007
7008
7009
7010
7011
7012
7016
7017
7020
7022
7024
7025
7027
7029
7030
7031
7034
7037
7038
7039
7040
7042
7043
7044
7047
7050
7051
7054
7056
7057
7058
7059
7061
7063
7064
7065
7066
7067
7068
7072
7076
7079
7081
7082
7083
7084
7085
7086
7092
7093
7095
7096
7098
7099
7100
7101
7104
7105
7106
7108
7111
7113
7114
7115
7116
7117
7119
7120
7122
7124
7125
7126
7127
7128
7130
7133
7135
7138
7139
7145
7146
7148
7152
7153
7155
7156
7157
7160
7161
7162
7164
7165
7168
7169
7170
7171
7173
7175
7178
7185
7194
7195
7196
7198
7200
7201
7203
7207
7209
7211
7214
7216
7217
7221
7222
7223
7224
7225
7227
7228
7229
7231
7232
7234
7235
7236
7237
7239
7240
7243
7250
7252
7255
7258
7259
7262
7265
7267
7270
7271
7272
7273
7275
7276
7279
7286
7288
7291
7292
7294
7295
7296
7297
7299
7302
7303
7309
7312
7315
7318
7319
7320
7321
7324
7328
7331
7332
7334
7339
7340
7341
7347
7355
7357
7358
7360
7367
7375
7378
7379
7381
7382
7386
7388
7389
7390
7392
7393
7394
7397
7398
7401
7405
7417
7420
7423
7424
7426
7427
7428
7429
7431
7435
7438
7440
7441
7444
7448
7449
7450
7452
7455
7465
7468
7471
7472
7473
7479
7480
7481
7482
7483
7487
7488
7493
7504
7513
7518
7519
7521
7522
7525
7526
7527
7528
7535
7537
7540
7544
7546
7549
7553
7557
7558
7560
7561
7562
7564
7570
7573
7579
7582
7585
7591
7594
7600
7604
7606
7609
7615
7621
7623
7624
7626
7633
7638
7639
7641
7642
7643
7644
7648
7651
7657
7663
7666
7669
7672
7675
7676
7677
7678
7681
7684
7687
7688
7693
7699
7704
7705
7706
7710
7711
7712
7716
7720
7721
7727
7728
7730
7732
7734
7735
7736
7738
7743
7744
7746
7747
7749
7750
7753
7755
7756
7757
7759
7760
7761
7764
7765
7766
7767
7768
7770
7771
7772
7774
7777
7780
7782
7783
7787
7788
7789
7790
7791
7792
7794
7797
7798
7799
7800
7804
7807
7809
7811
7814
7815
7816
7817
7818
7819
7822
7823
7824
7829
7831
7834
7835
7837
7838
7840
7841
7843
7844
7846
7851
7852
7855
7856
7857
7858
7859
7860
7863
7864
7865
7866
7869
7870
7873
7874
7876
7877
7878
7880
7881
7882
7891
7892
7895
7897
7898
7901
7902
7903
7905
7911
7912
7919
7921
7923
7924
7926
7927
7929
7930
7932
7935
7936
7938
7940
7942
7945
7948
7954
7955
7958
7960
7966
7967
7969
7970
7973
7975
7976
7978
7979
7981
7984
7987
7988
7989
7990
7991
7993
7996
7998
8000
8001
8004
8005
8006
8008
8010
8011
8012
8013
8016
8017
8018
8019
8022
8023
8025
8026
8027
8031
8032
8033
8036
8038
8039
8040
8041
8042
8043
8047
8051
8053
8055
8056
8057
8059
8062
8063
8064
8065
8067
8068
8072
8074
8075
8076
8078
8080
8081
8082
8083
8084
8086
8087
8088
8090
8091
8092
8093
8094
8095
8097
8099
8102
8105
8106
8107
8109
8110
8112
8113
8115
8116
8117
8118
8120
8121
8123
8125
8127
8128
8130
8131
8133
8134
8135
8137
8139
8140
8144
8145
8146
8148
8149
8150
8152
8153
8155
8156
8157
8158
8159
8160
8161
8162
8163
8164
8165
8166
8167
8168
8169
8170
8171
8172
8173
8174
8175
8176
8178
8179
8182
8184
8185
8187
8188
8191
8200
8201
8203
8207
8208
8212
8215
8216
8222
8223
8224
8228
8231
8232
8233
8235
8240
8241
8242
8244
8247
8248
8249
8251
8252
8254
8256
8257
8258
8264
8266
8274
8278
8281
8284
8285
8287
8290
8293
8296
8299
8302
8303
8305
8307
8311
8314
8315
8316
8317
8318
8319
8320
8323
8326
8327
8328
8330
8334
8335
8344
8347
8348
8352
8353
8356
8357
8358
8360
8365
8366
8367
8368
8371
8372
8374
8379
8380
8382
8383
8386
8388
8389
8390
8391
8392
8394
8395
8407
8408
8409
8410
8413
8414
8421
8422
8423
8426
8428
8431
8432
8438
8443
8445
8446
8449
8450
8455
8456
8457
8458
8460
8467
8470
8472
8473
8476
8477
8478
8479
8480
8481
8488
8491
8494
8497
8499
8500
8503
8509
8512
8516
8517
8518
8521
8524
8525
8527
8529
8530
8533
8536
8537
8539
8540
8541
8543
8545
8547
8548
8553
8556
8558
8559
8560
8561
8565
8566
8568
8571
8572
8575
8578
8580
8581
8585
8586
8590
8591
8594
8595
8596
8597
8599
8600
8601
8602
8604
8605
8606
8608
8609
8612
8613
8615
8616
8618
8619
8620
8621
8622
8623
8624
8625
8626
8628
8631
8633
8634
8637
8639
8640
8643
8644
8645
8647
8649
8650
8651
8653
8655
8657
8658
8659
8660
8662
8664
8665
8667
8668
8671
8672
8676
8681
8682
8683
8686
8687
8689
8692
8695
8696
8703
8704
8705
8707
8713
8716
8717
8718
8719
8720
8722
8724
8726
8727
8729
8730
8731
8733
8734
8737
8739
8740
8743
8748
8749
8752
8756
8760
8761
8762
8763
8767
8768
8770
8771
8772
8773
8777
8779
8780
8781
8782
8784
8785
8788
8790
8792
8795
8796
8800
8802
8803
8805
8806
8807
8809
8813
8814
8818
8821
8822
8824
8825
8827
8828
8829
8831
8832
8833
8836
8838
8841
8842
8845
8849
8851
8852
8854
8855
8856
8857
8858
8860
8861
8862
8863
8866
8867
8869
8870
8872
8874
8875
8876
8878
8879
8880
8881
8882
8883
8884
8885
8886
8887
8888
8889
8890
8891
8892
8893
8895
8897
8899
8900
8905
8906
8908
8910
8911
8914
8916
8917
8924
8926
8927
8932
8934
8936
8937
8938
8939
8941
8944
8945
8946
8947
8948
8950
8953
8956
8958
8960
8961
8962
8963
8964
8965
8972
8974
8976
8980
8981
8982
8983
8985
8986
8987
8990
8991
8992
8993
8995
8996
8998
9007
9010
9011
9013
9016
9019
9022
9023
9024
9026
9034
9036
9037
9039
9041
9042
9043
9044
9046
9049
9050
9051
9052
9053
9056
9058
9065
9066
9067
9070
9072
9073
9079
9080
9085
9086
9087
9091
9092
9093
9094
9095
9096
9100
9102
9105
9106
9107
9110
9111
9112
9113
9114
9115
9116
9118
9120
9121
9124
9127
9128
9130
9131
9134
9136
9139
9141
9142
9145
9148
9151
9153
9156
9157
9158
9159
9160
9162
9163
9165
9166
9167
9169
9170
9171
9172
9175
9176
9178
9179
9180
9182
9185
9187
9188
9190
9191
9193
9194
9195
9196
9198
9199
9203
9204
9205
9207
9208
9211
9214
9220
9223
9224
9226
9228
9230
9232
9235
9236
9237
9238
9241
9242
9243
9244
9245
9246
9250
9251
9258
9259
9264
9267
9274
9278
9280
9281
9283
9286
9289
9292
9294
9298
9300
9301
9303
9304
9307
9314
9318
9319
9320
9322
9328
9330
9332
9333
9334
9337
9339
9343
9344
9348
9349
9352
9355
9357
9358
9360
9365
9370
9372
9377
9383
9388
9389
9391
9398
9403
9409
9412
9416
9417
9418
9419
9422
9424
9429
9430
9431
9433
9434
9436
9437
9438
9439
9440
9442
9443
9445
9447
9448
9451
9454
9458
9463
9467
9468
9469
9471
9472
9473
9474
9477
9479
9483
9484
9485
9486
9487
9489
9490
9491
9492
9495
9496
9498
9500
9502
9505
9507
9508
9510
9511
9514
9515
9518
9519
9520
9521
9524
9526
9529
9532
9534
9536
9538
9541
9543
9544
9545
9553
9559
9561
9562
9565
9566
9572
9574
9584
9587
9588
9592
9593
9595
9596
9598
9601
9603
9607
9611
9614
9615
9619
9622
9623
9624
9625
9628
9629
9630
9634
9636
9638
9640
9641
9642
9643
9645
9646
9651
9652
9653
9656
9657
9658
9659
9660
9661
9665
9667
9668
9673
9676
9678
9679
9683
9685
9687
9690
9692
9693
9697
9700
9703
9704
9705
9706
9707
9708
9710
9711
9712
9713
9714
9721
9724
9727
9733
9735
9737
9738
9741
9742
9743
9744
9745
9746
9749
9750
9753
9754
9757
9758
9760
9761
9763
9769
9774
9778
9782
9784
9791
9794
9798
9799
9802
9803
9805
9808
9810
9811
9817
9826
9828
9831
9835
9836
9841
9848
9849
9852
9853
9854
9856
9857
9861
9863
9865
9866
9868
9870
9871
9873
9874
9875
9878
9880
9883
9886
9889
9890
9891
9892
9893
9898
9900
9907
9911
9913
9918
9919
9922
9923
9924
9925
9926
9928
9931
9933
9935
9936
9940
9943
9946
9951
9958
9959
9961
9962
9964
9967
9968
9969
9970
9972
9973
9974
9976
9977
9979
9981
9982
9983
9984
9985
9988
9991
9993
9994
9995
9996
9997
10002
10006
10007
10009
10012
10015
10018
10024
10026
10028
10029
10030
10033
10036
10038
10039
10042
10045
10046
10049
10051
10054
10055
10056
10057
10069
10070
10072
10073
10074
10075
10076
10078
10084
10089
10090
10091
10093
10096
10097
10098
10104
10105
10106
10111
10116
10117
10121
10123
10124
10125
10127
10128
10129
10130
10135
10138
10150
10151
10152
10153
10155
10156
10157
10158
10159
10163
10164
10165
10168
10171
10177
10180
10181
10183
10186
10188
10189
10190
10191
10194
10196
10197
10198
10200
10201
10202
10204
10206
10207
10208
10209
10210
10211
10216
10219
10222
10225
10228
10231
10232
10233
10236
10237
10249
10252
10255
10256
10257
10258
10259
10260
10261
10262
10263
10264
10265
10266
10267
10271
10273
10276
10277
10278
10279
10280
10282
10285
10286
10287
10288
10291
10292
10294
10296
10297
10300
10301
10305
10312
10313
10317
10318
10319
10321
10323
10324
10325
10328
10329
10330
10332
10333
10335
10336
10337
10339
10340
10341
10342
10345
10349
10350
10351
10353
10354
10356
10360
10362
10364
10367
10368
10369
10370
10371
10372
10375
10376
10377
10378
10384
10387
10393
10394
10395
10396
10397
10399
10400
10401
10408
10411
10412
10415
10416
10418
10421
10422
10423
10424
10427
10432
10435
10439
10440
10444
10447
10448
10449
10450
10453
10455
10456
10458
10459
10465
10474
10478
10479
10480
10481
10486
10489
10495
10496
10505
10506
10507
10508
10509
10510
10512
10513
10516
10519
10520
10521
10522
10523
10525
10526
10531
10533
10537
10540
10543
10549
10552
10553
10554
10555
10556
10560
10561
10564
10565
10567
10570
10571
10572
10573
10576
10579
10582
10587
10588
10594
10600
10604
10605
10610
10612
10615
10616
10617
10618
10619
10621
10623
10625
10626
10627
10630
10631
10632
10633
10634
10635
10636
10637
10639
10641
10642
10645
10647
10650
10654
10655
10660
10667
10670
10672
10676
10681
10688
10691
10692
10696
10697
10699
10700
10702
10705
10708
10712
10714
10717
10719
10720
10721
10722
10724
10725
10726
10728
10730
10732
10733
10737
10738
10741
10747
10748
10751
10752
10753
10754
10755
10756
10759
10761
10762
10764
10765
10770
10771
10775
10776
10778
10785
10786
10787
10789
10790
10792
10793
10794
10795
10797
10798
10799
10800
10802
10805
10808
10810
10815
10816
10818
10824
10825
10828
10829
10830
10831
10832
10833
10834
10835
10836
10837
10840
10841
10842
10844
10846
10849
10851
10852
10854
10861
10864
10868
10870
10872
10874
10875
10877
10880
10881
10882
10883
10884
10885
10886
10888
10889
10893
10894
10895
10900
10902
10904
10905
10906
10907
10908
10912
10918
10921
10931
10933
10936
10945
10947
10948
10951
10954
10955
10956
10957
10958
10960
10961
10963
10965
10967
10969
10972
10973
10974
10976
10977
10978
10979
10981
10982
10984
10985
10986
10987
10988
10989
10990
10991
10992
10993
10994
10995
10996
10997
10998
11000
11001
11003
11005
11008
11012
11015
11018
11020
11022
11023
11025
11028
11029
11031
11032
11033
11036
11039
11042
11045
11049
11050
11053
11055
11065
11066
11067
11068
11071
11074
11075
11077
11078
11080
11082
11083
11084
11087
11088
11089
11090
11092
11093
11094
11095
11098
11101
11102
11103
11104
11107
11108
11109
11110
11113
11117
11118
11120
11121
11122
11123
11124
11125
11127
11128
11130
11131
11132
11134
11137
11138
11139
11142
11143
11144
11146
11149
11150
11152
11155
11161
11164
11173
11175
11176
11177
11182
11186
11190
11191
11192
11193
11194
11195
11200
11202
11204
11205
11208
11209
11211
11212
11217
11219
11221
11222
11224
11227
11228
11230
11233
11234
11235
11243
11244
11245
11246
11248
11249
11250
11251
11254
11258
11259
11260
11264
11266
11267
11268
11269
11270
11271
11272
11273
11274
11277
11278
11279
11287
11289
11290
11291
11293
11296
11298
11299
11300
11303
11304
11305
11306
11307
11308
11310
11312
11313
11314
11318
11319
11320
11321
11322
11323
11325
11327
11328
11330
11335
11337
11339
11343
11344
11345
11348
11355
11356
11357
11362
11365
11371
11375
11376
11377
11379
11380
11386
11387
11389
11394
11396
11398
11399
11401
11405
11407
11410
11411
11412
11414
11416
11417
11418
11419
11422
11425
11426
11430
11438
11439
11440
11442
11443
11444
11447
11449
11451
11453
11455
11456
11457
11458
11459
11460
11461
11464
11465
11470
11471
11473
11474
11475
11476
11479
11481
11482
11485
11488
11490
11491
11494
11495
11497
11500
11504
11505
11506
11511
11514
11515
11516
11518
11519
11521
11522
11526
11527
11528
11530
11533
11534
11535
11537
11538
11539
11540
11541
11546
11547
11552
11554
11557
11559
11560
11561
11562
11563
11564
11565
11568
11569
11572
11575
11576
11577
11579
11580
11581
11585
11587
11590
11591
11595
11596
11600
11601
11602
11605
11606
11609
11611
11616
11619
11620
11623
11626
11629
11634
11635
11636
11638
11641
11642
11644
11645
11650
11651
11653
11654
11660
11661
11663
11665
11668
11669
11670
11671
11674
11675
11678
11681
11683
11686
11687
11692
11693
11698
11700
11701
11704
11707
11708
11713
11716
11719
11725
11728
11730
11731
11732
11736
11737
11740
11742
11743
11744
11745
11747
11748
11749
11750
11752
11753
11755
11758
11761
11762
11764
11767
11769
11771
11773
11774
11775
11776
11779
11780
11781
11782
11788
11789
11790
11794
11795
11798
11799
11800
11801
11804
11806
11807
11812
11815
11820
11822
11824
11827
11828
11830
11831
11832
11833
11835
11836
11837
11839
11842
11846
11847
11851
11852
11854
11857
11858
11859
11862
11866
11867
11868
11869
11872
11873
11875
11876
11878
11879
11881
11882
11884
11885
11886
11887
11889
11890
11891
11893
11895
11900
11902
11906
11908
11910
11914
11915
11916
11917
11918
11919
11920
11923
11926
11931
11932
11935
11937
11938
11939
11940
11941
11943
11944
11947
11950
11956
11957
11958
11959
11960
11962
11966
11967
11970
11971
11974
11976
11979
11980
11982
11983
11985
11986
11989
11991
11992
11996
11998
12001
12002
12003
12004
12005
12008
12013
12014
12015
12016
12017
12020
12022
12025
12026
12028
12031
12034
12036
12037
12038
12040
12043
12044
12045
12046
12048
12049
12052
12053
12056
12057
12061
12064
12066
12067
12068
12070
12071
12073
12075
12076
12079
12081
12082
12083
12084
12085
12086
12091
12092
12094
12095
12096
12097
12098
12099
12100
12102
12103
12109
12110
12111
12112
12114
12115
12116
12118
12119
12120
12121
12122
12123
12124
12125
12130
12131
12132
12133
12136
12137
12138
12139
12141
12142
12143
12144
12145
12148
12149
12152
12153
12157
12160
12163
12166
12167
12169
12170
12171
12174
12175
12176
12180
12181
12183
12184
12187
12188
12190
12191
12194
12197
12199
12202
12207
12211
12213
12221
12223
12225
12226
12229
12231
12232
12233
12234
12235
12241
12242
12243
12244
12245
12247
12249
12250
12251
12253
12256
12259
12261
12268
12274
12278
12283
12286
12292
12293
12294
12295
12298
12304
12306
12309
12310
12311
12312
12313
12315
12316
12317
12318
12319
12321
12322
12325
12327
12328
12329
12331
12332
12334
12338
12342
12345
12347
12348
12350
12352
12355
12357
12358
12359
12360
12361
12362
12364
12367
12369
12370
12373
12374
12378
12381
12383
12385
12387
12388
12390
12393
12395
12396
12398
12400
12402
12403
12406
12410
12412
12413
12415
12418
12420
12423
12424
12427
12430
12436
12439
12440
12442
12445
12446
12448
12452
12454
12455
12457
12458
12459
12462
12465
12466
12468
12469
12471
12472
12473
12475
12478
12479
12482
12484
12485
12488
12493
12494
12495
12496
12499
12501
12503
12505
12507
12511
12513
12514
12518
12520
12521
12522
12523
12524
12525
12528
12529
12530
12532
12533
12534
12535
12538
12540
12541
12544
12545
12546
12547
12548
12550
12555
12556
12557
12559
12561
12565
12566
12571
12579
12580
12588
12592
12595
12596
12597
12599
12600
12601
12604
12605
12607
12613
12614
12616
12617
12618
12619
12621
12622
12623
12627
12628
12629
12631
12634
12641
12644
12647
12651
12658
12661
12662
12663
12664
12666
12669
12670
12672
12673
12674
12676
12685
12691
12694
12695
12697
12703
12704
12706
12707
12708
12709
12710
12715
12718
12719
12720
12721
12722
12724
12728
12729
12730
12731
12733
12736
12737
12738
12739
12741
12742
12744
12745
12747
12748
12749
12750
12754
12755
12756
12757
12759
12761
12763
12768
12769
12772
12774
12778
12779
12781
12782
12784
12785
12786
12787
12788
12789
12790
12792
12793
12794
12795
12796
12797
12798
12802
12805
12806
12808
12809
12811
12815
12817
12820
12823
12824
12825
12826
12827
12828
12829
12832
12835
12841
12846
12849
12853
12854
12855
12858
12859
12861
12864
12865
12866
12868
12870
12871
12872
12874
12875
12876
12877
12880
12881
12883
12885
12886
12890
12892
12896
12897
12898
12904
12906
12907
12909
12910
12911
12913
12915
12916
12917
12918
12919
12921
12922
12923
12924
12925
12927
12928
12932
12933
12934
12936
12940
12949
12952
12955
12958
12960
12961
12964
12965
12967
12969
12970
12973
12974
12979
12982
12986
12987
12988
12989
12995
12998
12999
13002
13003
13004
13005
13006
13007
13008
13009
13011
13019
13026
13030
13032
13033
13035
13038
13039
13042
13043
13045
13046
13047
13051
13059
13063
13064
13069
13072
13075
13076
13077
13078
13082
13083
13090
13094
13095
13096
13102
13105
13108
13111
13112
13113
13114
13115
13117
13118
13119
13123
13124
13126
13130
13132
13133
13134
13138
13141
13147
13148
13150
13153
13156
13157
13159
13162
13164
13166
13168
13169
13170
13171
13175
13176
13177
13180
13182
13183
13186
13187
13188
13192
13198
13199
13201
13205
13207
13210
13211
13212
13213
13215
13216
13222
13225
13226
13228
13235
13240
13243
13247
13249
13252
13255
13258
13261
13264
13265
13269
13270
13273
13274
13275
13277
13278
13279
13281
13297
13298
13300
13304
13308
13309
13314
13318
13324
13326
13329
13335
13336
13338
13339
13342
13343
13345
13348
13355
13356
13358
13363
13364
13366
13370
13372
13377
13378
13379
13381
13384
13385
13387
13388
13389
13390
13395
13396
13397
13399
13402
13403
13405
13408
13409
13410
13411
13416
13417
13418
13419
13421
13423
13424
13425
13426
13430
13431
13432
13433
13434
13435
13436
13438
13442
13443
13444
13445
13446
13447
13448
13449
13451
13452
13456
13458
13459
13471
13472
13475
13476
13479
13482
13487
13488
13495
13498
13499
13500
13501
13502
13503
13505
13506
13510
13511
13512
13513
13514
13515
13516
13517
13520
13521
13522
13524
13526
13527
13529
13530
13532
13533
13536
13548
13549
13551
13552
13554
13555
13558
13560
13563
13564
13567
13568
13569
13570
13571
13572
13575
13576
13584
13585
13592
13599
13602
13605
13606
13608
13616
13617
13618
13620
13623
13624
13625
13626
13627
13629
13631
13633
13634
13638
13639
13643
13644
13647
13653
13656
13659
13660
13661
13663
13665
13667
13668
13670
13671
13672
13673
13677
13678
13679
13680
13683
13684
13685
13686
13690
13694
13695
13701
13703
13704
13707
13708
13711
13712
13713
13714
13716
13717
13720
13721
13722
13723
13724
13725
13726
13728
13730
13734
13738
13740
13743
13746
13748
13749
13755
13758
13759
13760
13761
13762
13763
13764
13766
13768
13771
13774
13777
13779
13781
13782
13785
13788
13792
13793
13794
13797
13801
13809
13810
13812
13813
13815
13821
13822
13824
13827
13830
13835
13836
13837
13839
13845
13848
13850
13852
13857
13858
13859
13860
13862
13863
13867
13870
13872
13873
13875
13879
13880
13881
13885
13887
13889
13890
13897
13898
13899
13900
13901
13902
13904
13906
13907
13909
13911
13914
13916
13919
13920
13921
13922
13923
13926
13928
13929
13930
13932
13938
13941
13944
13945
13946
13947
13948
13949
13951
13952
13953
13954
13957
13958
13960
13962
13963
13965
13966
13968
13971
13972
13974
13975
13976
13977
13981
13983
13984
13986
13987
13989
13993
13994
13995
13996
13997
13998
14004
14008
14010
14012
14016
14020
14021
14022
14023
14025
14028
14030
14033
14034
14035
14036
14041
14044
14050
14052
14053
14055
14059
14061
14067
14073
14074
14076
14077
14078
14079
14084
14085
14091
14097
14100
14103
14104
14107
14109
14110
14111
14113
14114
14115
14117
14118
14119
14120
14121
14122
14123
14125
14126
14127
14131
14133
14134
14136
14137
14138
14139
14140
14141
14142
14145
14148
14151
14164
14171
14172
14173
14175
14177
14178
14179
14181
14183
14184
14185
14186
14187
14188
14189
14190
14191
14195
14197
14198
14199
14202
14206
14207
14209
14212
14214
14216
14217
14220
14222
14223
14225
14226
14228
14229
14230
14232
14235
14236
14238
14241
14244
14246
14250
14255
14258
14259
14262
14265
14266
14267
14268
14270
14273
14274
14277
14280
14284
14289
14290
14291
14292
14293
14294
14295
14298
14304
14310
14313
14316
14317
14318
14322
14323
14325
14328
14330
14331
14332
14335
14336
14338
14339
14340
14344
14345
14346
14348
14349
14350
14351
14352
14355
14358
14361
14362
14364
14371
14372
14376
14382
14384
14391
14392
14394
14396
14400
14401
14403
14404
14406
14407
14408
14409
14412
14414
14418
14421
14422
14424
14425
14428
14430
14434
14436
14438
14439
14441
14443
14444
14451
14452
14454
14457
14458
14463
14466
14467
14471
14478
14481
14484
14485
14487
14491
14493
14498
14499
14500
14501
14502
14510
14511
14512
14513
14514
14515
14520
14529
14530
14531
14534
14547
14548
14549
14551
14554
14557
14559
14565
14567
14568
14571
14573
14574
14575
14576
14577
14578
14580
14583
14584
14585
14586
14590
14592
14593
14597
14599
14601
14604
14605
14610
14613
14616
14619
14621
14622
14625
14632
14633
14634
14636
14637
14638
14639
14641
14643
14645
14646
14648
14649
14651
14652
14653
14655
14656
14657
14658
14666
14668
14670
14671
14672
14673
14674
14675
14676
14679
14680
14688
14691
14692
14694
14697
14700
14703
14706
14708
14709
14710
14712
14718
14721
14724
14727
14729
14730
14732
14733
14736
14737
14739
14740
14741
14742
14743
14744
14745
14747
14748
14757
14760
14763
14766
14767
14768
14769
14770
14771
14772
14773
14774
14775
14781
14783
14784
14785
14786
14788
14789
14790
14791
14792
14793
14802
14803
14805
14809
14814
14818
14821
14826
14827
14828
14829
14831
14832
14836
14837
14838
14854
14856
14857
14859
14862
14863
14866
14867
14870
14871
14874
14877
14882
14889
14890
14898
14901
14907
14910
14912
14913
14916
14919
14920
14922
14923
14925
14928
14931
14932
14936
14937
14940
14946
14947
14949
14955
14961
14964
14970
14973
14979
14980
14988
14990
14994
14998
14999
15002
15005
15006
15008
15009
15010
15011
15016
15017
15018
15019
15021
15024
15025
15026
15027
15028
15029
15030
15036
15037
15042
15044
15045
15047
15048
15049
15051
15060
15064
15069
15071
15078
15080
15081
15082
15085
15086
15089
15093
15096
15099
15102
15105
15108
15114
15117
15120
15123
15124
15126
15128
15129
15132
15138
15141
15147
15154
15156
15162
15163
15165
15168
15171
15175
15177
15180
15181
15182
15185
15187
15189
15191
15192
15193
15194
15197
15198
15199
15202
15204
15205
15207
15212
15213
15215
15216
15219
15222
15225
15226
15231
15235
15237
15240
15243
15246
15249
15251
15252
15254
15255
15257
15260
15261
15262
15263
15264
15265
15269
15273
15276
15277
15278
15279
15280
15282
15283
15285
15293
15294
15295
15297
15303
15312
15313
15315
15319
15324
15327
15328
15334
15335
15336
15337
15338
15340
15342
15346
15348
15349
15351
15352
15354
15356
15357
15359
15363
15366
15367
15368
15369
15371
15372
15379
15380
15384
15385
15386
15390
15391
15392
15393
15394
15395
15396
15399
15405
15406
15407
15414
15418
15420
15426
15427
15429
15432
15436
15437
15438
15439
15441
15444
15448
15449
15450
15451
15452
15457
15460
15462
15463
15474
15477
15480
15483
15486
15489
15491
15492
15493
15495
15498
15501
15502
15504
15507
15517
15519
15522
15523
15525
15528
15535
15537
15538
15539
15540
15543
15544
15546
15552
15553
15555
15557
15561
15564
15567
15570
15571
15573
15574
15575
15579
15580
15585
15587
15588
15593
15594
15596
15597
15598
15600
15601
15602
15603
15606
15607
15609
15613
15615
15618
15621
15624
15626
15633
15636
15638
15639
15640
15641
15644
15645
15646
15647
15648
15649
15652
15653
15654
15655
15656
15657
15658
15660
15661
15663
15664
15665
15666
15668
15669
15672
15677
15679
15681
15684
15687
15688
15689
15696
15699
15701
15702
15705
15708
15712
15714
15720
15723
15724
15726
15727
15729
15732
15738
15741
15743
15744
15746
15751
15752
15753
15755
15757
15760
15761
15763
15765
15766
15768
15769
15774
15778
15779
15780
15789
15798
15801
15804
15807
15810
15813
15816
15817
15820
15822
15824
15828
15831
15834
15837
15842
15843
15847
15848
15849
15850
15852
15853
15855
15856
15857
15860
15861
15864
15866
15867
15868
15869
15873
15886
15888
15891
15892
15894
15895
15898
15900
15903
15906
15907
15908
15909
15910
15911
15913
15914
15915
15918
15919
15921
15922
15924
15925
15927
15928
15930
15933
15935
15936
15939
15942
15945
15951
15952
15954
15957
15958
15960
15963
15970
15972
15978
15979
15981
15982
15983
15984
15988
15989
15990
15993
16000
16001
16005
16006
16008
16011
16014
16017
16020
16026
16035
16042
16043
16044
16045
16047
16049
16052
16053
16054
16057
16060
16061
16062
16064
16065
16068
16070
16072
16073
16075
16076
16077
16078
16080
16084
16085
16086
16089
16092
16095
16101
16106
16111
16114
16116
16117
16119
16127
16128
16134
16137
16140
16141
16142
16149
16153
16154
16155
16158
16159
16161
16162
16163
16164
16165
16166
16169
16170
16172
16173
16175
16177
16178
16179
16181
16185
16188
16189
16192
16193
16197
16203
16204
16206
16207
16211
16215
16216
16219
16220
16221
16222
16224
16226
16227
16228
16230
16233
16236
16240
16242
16245
16246
16247
16248
16254
16257
16260
16263
16264
16266
16267
16269
16272
16274
16275
16276
16278
16284
16288
16289
16293
16299
16301
16303
16305
16306
16308
16311
16317
16323
16324
16329
16332
16335
16336
16338
16339
16342
16343
16344
16347
16348
16349
16356
16362
16365
16373
16374
16375
16376
16377
16380
16381
16386
16387
16388
16391
16392
16393
16394
16395
16396
16397
16398
16401
16403
16404
16405
16409
16410
16411
16413
16414
16416
16417
16419
16422
16425
16428
16438
16439
16441
16443
16446
16448
16452
16455
16456
16457
16461
16464
16466
16467
16468
16469
16470
16471
16472
16473
16474
16475
16477
16478
16479
16481
16483
16489
16490
16491
16494
16496
16500
16503
16506
16507
16509
16512
16514
16515
16521
16523
16528
16530
16534
16535
16536
16537
16541
16542
16543
16545
16548
16549
16550
16551
16554
16558
16560
16561
16563
16564
16566
16568
16569
16573
16575
16576
16579
16580
16582
16583
16584
16585
16586
16590
16591
16592
16593
16596
16599
16603
16605
16607
16608
16610
16611
16615
16616
16617
16622
16626
16628
16636
16638
16639
16640
16641
16646
16647
16650
16653
16655
16656
16658
16661
16662
16665
16667
16669
16671
16674
16675
16677
16682
16687
16694
16695
16696
16698
16699
16700
16701
16704
16707
16708
16710
16713
16716
16718
16719
16726
16728
16732
16733
16734
16738
16739
16741
16742
16743
16744
16745
16746
16748
16750
16751
16756
16761
16762
16764
16767
16775
16779
16786
16787
16791
16792
16793
16795
16797
16799
16800
16806
16812
16813
16816
16818
16820
16821
16824
16827
16828
16829
16830
16831
16833
16836
16838
16839
16840
16843
16844
16846
16848
16851
16852
16853
16855
16856
16857
16858
16859
16861
16863
16864
16866
16869
16870
16871
16872
16873
16877
16880
16881
16882
16883
16887
16889
16890
16891
16897
16898
16899
16900
16901
16907
16908
16909
16912
16914
16915
16917
16920
16923
16926
16929
16932
16935
16936
16937
16939
16941
16942
16943
16945
16946
16947
16948
16949
16950
16952
16954
16956
16957
16958
16960
16961
16968
16969
16970
16971
16975
16976
16977
16978
16979
16980
16981
16983
16984
16985
16989
16990
16992
16993
16995
16996
16997
16999
17000
17002
17004
17007
17008
17009
17010
17011
17012
17013
17014
17016
17019
17023
17027
17028
17029
17033
17034
17035
17036
17039
17040
17043
17046
17049
17055
17056
17058
17059
17063
17064
17066
17067
17069
17073
17074
17075
17076
17078
17079
17082
17091
17096
17097
17104
17105
17106
17107
17108
17110
17112
17113
17116
17117
17118
17119
17122
17123
17124
17125
17126
17127
17130
17135
17136
17137
17138
17139
17140
17141
17142
17143
17144
17145
17146
17148
17149
17150
17151
17153
17154
17156
17158
17163
17164
17166
17167
17169
17172
17178
17179
17182
17184
17185
17190
17192
17193
17195
17197
17201
17205
17206
17207
17208
17211
17212
17213
17215
17219
17222
17223
17229
17233
17236
17241
17242
17247
17249
17250
17251
17252
17256
17258
17259
17261
17262
17266
17267
17268
17270
17274
17278
17280
17285
17286
17287
17288
17289
17292
17296
17298
17300
17301
17302
17304
17305
17310
17313
17314
17316
17319
17320
17321
17323
17325
17326
17327
17328
17331
17332
17333
17334
17336
17337
17338
17339
17342
17343
17344
17346
17347
17351
17352
17353
17367
17370
17371
17372
17373
17375
17376
17380
17382
17385
17392
17397
17399
17402
17403
17406
17407
17409
17410
17411
17414
17418
17421
17423
17426
17427
17429
17430
17431
17433
17436
17439
17440
17441
17442
17443
17444
17445
17448
17454
17457
17460
17463
17470
17472
17473
17474
17475
17479
17482
17485
17488
17491
17493
17495
17496
17497
17502
17506
17509
17514
17516
17518
17520
17521
17523
17528
17531
17533
17536
17538
17539
17541
17542
17544
17546
17547
17550
17551
17553
17555
17556
17559
17560
17561
17562
17565
17568
17569
17572
17573
17574
17581
17585
17586
17589
17590
17592
17597
17598
17599
17601
17602
17607
17608
17609
17610
17611
17614
17615
17616
17619
17622
17626
17631
17632
17634
17637
17639
17641
17642
17643
17645
17649
17656
17658
17659
17661
17664
17671
17672
17673
17674
17676
17678
17679
17681
17682
17686
17687
17688
17690
17691
17694
17697
17699
17700
17701
17703
17706
17707
17709
17712
17713
17715
17718
17721
17722
17723
17724
17725
17727
17730
17731
17733
17734
17738
17740
17741
17742
17744
17745
17746
17747
17748
17749
17750
17751
17754
17755
17757
17760
17761
17762
17763
17766
17769
17770
17772
17773
17781
17790
17793
17794
17795
17796
17799
17802
17803
17804
17805
17808
17811
17812
17813
17814
17815
17817
17818
17821
17822
17823
17825
17826
17829
17835
17838
17841
17844
17847
17848
17850
17858
17859
17861
17862
17863
17864
17865
17869
17871
17874
17876
17877
17880
17883
17884
17886
17888
17892
17893
17894
17895
17896
17898
17907
17908
17913
17914
17919
17922
17928
17934
17937
17938
17939
17940
17943
17944
17949
17950
17958
17959
17961
17964
17969
17970
17972
17974
17976
17977
17979
17984
17985
17986
17988
17989
17992
17993
17994
17995
17999
18001
18002
18003
18004
18006
18007
18008
18009
18010
18012
18015
18019
18020
18021
18025
18026
18027
18028
18029
18032
18033
18039
18040
18043
18046
18047
18048
18049
18052
18053
18055
18057
18060
18077
18078
18079
18082
18083
18084
18085
18086
18087
18088
18090
18093
18096
18099
18102
18103
18105
18106
18108
18109
18110
18111
18114
18115
18117
18118
18119
18120
18121
18122
18123
18126
18129
18131
18132
18134
18138
18140
18141
18143
18144
18146
18147
18148
18149
18150
18153
18155
18159
18160
18162
18163
18165
18166
18167
18168
18169
18170
18171
18172
18173
18174
18175
18176
18179
18180
18181
18182
18183
18184
18186
18187
18189
18195
18196
18199
18202
18204
18210
18211
18212
18213
18214
18221
18222
18223
18224
18225
18226
18227
18228
18231
18233
18239
18246
18247
18248
18252
18255
18259
18260
18261
18263
18264
18265
18266
18267
18268
18270
18271
18273
18275
18278
18280
18281
18283
18284
18291
18292
18298
18300
18301
18303
18306
18309
18310
18312
18315
18318
18321
18322
18326
18329
18332
18333
18335
18336
18337
18340
18345
18348
18351
18352
18357
18358
18364
18366
18371
18377
18378
18379
18380
18381
18382
18387
18388
18390
18391
18392
18393
18394
18395
18396
18397
18398
18399
18400
18401
18402
18405
18408
18410
18411
18412
18417
18421
18424
18425
18426
18428
18429
18431
18432
18433
18435
18436
18438
18441
18444
18445
18449
18452
18453
18455
18457
18458
18459
18462
18463
18464
18466
18468
18469
18470
18471
18473
18474
18478
18481
18484
18486
18487
18488
18490
18492
18493
18495
18498
18501
18504
18507
18508
18509
18510
18511
18512
18513
18516
18518
18519
18520
18522
18523
18525
18526
18529
18533
18534
18535
18536
18537
18538
18543
18546
18550
18552
18555
18557
18559
18567
18568
18570
18573
18576
18578
18579
18580
18582
18583
18584
18585
18586
18589
18591
18592
18593
18598
18600
18601
18602
18603
18606
18609
18615
18616
18623
18625
18627
18629
18630
18632
18633
18634
18636
18639
18640
18641
18642
18646
18647
18650
18651
18652
18653
18654
18656
18657
18660
18662
18663
18664
18669
18671
18672
18673
18674
18676
18677
18679
18680
18681
18682
18683
18685
18686
18687
18688
18689
18692
18693
18694
18695
18696
18697
18698
18700
18702
18703
18704
18705
18706
18710
18712
18713
18714
18723
18730
18731
18735
18736
18739
18741
18744
18745
18747
18750
18751
18752
18753
18754
18755
18756
18762
18765
18768
18769
18771
18773
18774
18777
18780
18781
18782
18786
18788
18792
18793
18794
18795
18796
18798
18800
18801
18802
18803
18804
18807
18811
18812
18813
18814
18816
18818
18822
18825
18826
18827
18828
18831
18832
18833
18834
18837
18838
18839
18840
18843
18844
18846
18854
18859
18863
18864
18873
18876
18877
18880
18881
18885
18886
18887
18888
18891
18894
18898
18902
18903
18904
18905
18906
18907
18909
18910
18911
18912
18917
18918
18921
18927
18928
18929
18931
18932
18933
18936
18937
18938
18941
18943
18944
18945
18946
18948
18951
18952
18954
18956
18958
18959
18960
18961
18971
18972
18973
18975
18978
18979
18981
18982
18984
18985
18987
18989
18994
18995
18996
18997
18998
19002
19003
19004
19005
19006
19007
19008
19009
19010
19011
19015
19016
19017
19018
19019
19020
19021
19022
19023
19024
19026
19027
19029
19032
19033
19035
19038
19041
19047
19049
19051
19055
19056
19059
19060
19061
19063
19066
19068
19069
19070
19071
19072
19073
19074
19077
19080
19083
19084
19086
19087
19089
19092
19097
19098
19101
19102
19103
19104
19106
19109
19111
19113
19116
19117
19118
19119
19126
19132
19134
19135
19137
19138
19140
19143
19145
19149
19151
19152
19153
19154
19155
19156
19158
19159
19160
19162
19163
19164
19166
19167
19170
19172
19173
19175
19180
19182
19184
19185
19186
19188
19189
19190
19197
19199
19200
19201
19203
19205
19206
19207
19209
19212
19215
19217
19220
19224
19225
19227
19228
19239
19242
19245
19248
19252
19254
19255
19257
19263
19264
19266
19269
19272
19273
19274
19276
19283
19284
19285
19290
19291
19292
19298
19299
19300
19301
19302
19304
19305
19308
19310
19311
19313
19314
19315
19317
19318
19320
19324
19325
19326
19327
19328
19330
19331
19334
19337
19340
19343
19344
19348
19352
19355
19356
19359
19363
19364
19366
19367
19368
19371
19374
19376
19378
19380
19383
19384
19386
19388
19391
19392
19395
19396
19398
19402
19403
19404
19406
19407
19409
19414
19416
19417
19419
19420
19421
19426
19429
19433
19434
19437
19440
19443
19445
19449
19453
19454
19455
19458
19459
19462
19464
19473
19476
19479
19480
19481
19484
19485
19488
19491
19492
19494
19495
19496
19497
19500
19502
19505
19506
19509
19512
19515
19516
19517
19518
19519
19521
19522
19524
19525
19526
19527
19530
19531
19533
19538
19539
19540
19541
19542
19543
19545
19547
19548
19549
19550
19551
19554
19559
19560
19561
19563
19566
19567
19570
19572
19573
19584
19586
19590
19593
19597
19599
19602
19604
19605
19610
19620
19627
19629
19630
19632
19635
19636
19637
19638
19644
19645
19646
19648
19650
19652
19653
19655
19656
19657
19658
19659
19660
19662
19665
19666
19667
19668
19669
19670
19671
19673
19674
19675
19676
19677
19679
19680
19681
19682
19683
19684
19685
19686
19687
19688
19690
19692
19694
19695
19698
19700
19702
19704
19705
19707
19709
19711
19713
19715
19716
19718
19719
19720
19722
19723
19725
19726
19727
19729
19732
19735
19736
19738
19749
19755
19763
19764
19770
19771
19776
19777
19779
19780
19782
19783
19785
19788
19789
19791
19795
19797
19800
19802
19803
19805
19806
19807
19808
19809
19810
19813
19814
19815
19816
19818
19819
19821
19824
19825
19827
19828
19830
19834
19836
19838
19839
19842
19843
19845
19846
19847
19851
19854
19855
19858
19859
19861
19862
19865
19868
19869
19872
19873
19875
19876
19879
19881
19883
19884
19887
19889
19890
19891
19892
19893
19894
19895
19896
19897
19899
19900
19901
19902
19903
19905
19908
19909
19914
19916
19917
19918
19919
19921
19931
19934
19938
19939
19941
19944
19946
19947
19950
19951
19952
19955
19956
19958
19959
19960
19961
19962
19963
19964
19967
19969
19970
19972
19973
19974
19975
19977
19979
19983
19984
19989
19999
20000
20002
20003
20004
20005
20006
20010
20011
20013
20014
20016
20019
20023
20024
20028
20030
20031
20032
20033
20034
20036
20037
20038
20041
20043
20047
20049
20051
20052
20053
20055
20056
20057
20058
20059
20060
20062
20063
20064
20066
20067
20069
20070
20073
20074
20077
20078
20079
20081
20083
20091
20094
20097
20099
20102
20103
20104
20105
20109
20112
20113
20115
20116
20117
20124
20125
20126
20127
20128
20130
20131
20132
20133
20134
20136
20137
20138
20139
20142
20145
20146
20148
20149
20151
20157
20162
20163
20164
20167
20170
20173
20175
20176
20177
20178
20183
20184
20196
20199
20202
20204
20207
20208
20212
20215
20216
20218
20219
20221
20222
20223
20229
20230
20232
20233
20234
20235
20236
20237
20238
20239
20243
20246
20247
20249
20251
20252
20253
20255
20256
20257
20259
20260
20262
20263
20264
20265
20268
20269
20270
20271
20272
20273
20274
20275
20276
20277
20279
20281
20283
20284
20285
20286
20288
20289
20290
20294
20295
20297
20298
20299
20302
20305
20307
20310
20311
20312
20313
20315
20316
20320
20322
20323
20325
20326
20327
20328
20331
20332
20334
20335
20337
20342
20343
20344
20346
20349
20352
20354
20355
20356
20361
20362
20364
20367
20368
20371
20373
20374
20376
20377
20379
20380
20382
20383
20384
20385
20387
20389
20390
20391
20394
20395
20396
20397
20398
20401
20402
20404
20405
20406
20407
20411
20415
20419
20421
20424
20425
20427
20428
20429
20430
20431
20433
20434
20436
20437
20438
20441
20445
20447
20448
20450
20451
20452
20453
20455
20457
20458
20459
20461
20463
20464
20465
20466
20468
20471
20472
20473
20474
20475
20476
20477
20478
20480
20481
20482
20483
20484
20486
20487
20489
20491
20493
20494
20497
20503
20505
20508
20511
20518
20526
20527
20529
20531
20534
20536
20537
20541
20543
20544
20548
20549
20550
20553
20555
20556
20559
20560
20565
20566
20568
20569
20571
20572
20574
20577
20578
20580
20582
20589
20592
20594
20598
20599
20604
20608
20609
20611
20613
20614
20615
20616
20621
20622
20623
20624
20626
20627
20628
20629
20630
20631
20634
20635
20636
20638
20639
20644
20645
20646
20647
20649
20650
20653
20655
20657
20658
20660
20661
20662
20663
20664
20667
20668
20669
20670
20675
20676
20679
20683
20684
20685
20688
20691
20692
20693
20694
20695
20697
20698
20703
20706
20707
20708
20709
20712
20713
20716
20717
20718
20719
20724
20730
20733
20734
20735
20736
20737
20739
20740
20741
20742
20745
20749
20750
20751
20752
20753
20755
20756
20757
20758
20759
20761
20762
20766
20767
20769
20773
20774
20775
20787
20790
20796
20799
20801
20806
20811
20823
20825
20826
20827
20829
20831
20832
20835
20844
20846
20848
20850
20852
20853
20855
20857
20860
20874
20881
20887
20891
20892
20893
20896
20897
20898
20901
20915
20919
20922
20923
20925
20928
20930
20931
20932
20935
20936
20937
20938
20940
20941
20944
20946
20947
20949
20951
20953
20955
20956
20957
20958
20961
20962
20964
20967
20970
20973
20976
20979
20980
20982
20984
20987
20988
20989
20991
20994
20995
20996
20999
21003
21004
21005
21006
21008
21009
21010
21012
21014
21015
21017
21019
21020
21023
21024
21027
21033
21034
21036
21037
21040
21042
21043
21048
21051
21054
21055
21057
21058
21059
21063
21069
21072
21073
21075
21076
21077
21080
21081
21087
21088
21090
21093
21099
21101
21108
21110
21111
21114
21119
21121
21123
21124
21126
21127
21131
21132
21134
21137
21138
21139
21141
21142
21143
21144
21145
21146
21147
21149
21151
21153
21154
21156
21157
21158
21159
21160
21161
21163
21169
21174
21178
21180
21183
21187
21188
21189
21190
21191
21193
21194
21195
21196
21198
21203
21204
21205
21206
21207
21208
21209
21210
21212
21213
21214
21215
21216
21219
21220
21221
21222
21225
21231
21232
21233
21234
21237
21238
21242
21244
21245
21254
21255
21263
21267
21268
21270
21272
21282
21289
21291
21292
21294
21295
21296
21297
21300
21301
21302
21304
21305
21306
21307
21309
21312
21313
21315
21316
21317
21319
21321
21322
21323
21327
21330
21333
21334
21342
21348
21352
21356
21357
21359
21363
21364
21365
21366
21367
21368
21369
21371
21372
21378
21379
21380
21381
21386
21388
21391
21395
21396
21399
21401
21404
21405
21408
21409
21410
21411
21417
21418
21422
21423
21424
21428
21430
21431
21432
21438
21440
21442
21446
21447
21450
21451
21452
21454
21455
21457
21458
21459
21462
21464
21465
21466
21467
21468
21473
21480
21481
21485
21487
21489
21490
21492
21494
21508
21509
21511
21516
21518
21519
21520
21522
21523
21524
21526
21533
21537
21538
21539
21540
21541
21543
21544
21546
21549
21550
21551
21552
21566
21568
21569
21570
21571
21573
21574
21575
21577
21578
21579
21581
21582
21583
21584
21585
21586
21587
21588
21589
21590
21592
21593
21594
21595
21596
21597
21600
21604
21606
21607
21608
21611
21614
21616
21617
21618
21619
21620
21621
21622
21624
21625
21627
21628
21629
21631
21633
21635
21636
21637
21638
21639
21640
21641
21642
21643
21644
21646
21647
21648
21649
21651
21655
21656
21657
21658
21659
21660
21661
21662
21664
21666
21670
21673
21676
21682
21684
21686
21691
21694
21695
21697
21698
21699
21703
21706
21707
21709
21711
21714
21715
21717
21718
21721
21722
21724
21727
21731
21736
21738
21739
21742
21745
21746
21748
21752
21753
21757
21759
21760
21761
21762
21763
21764
21765
21766
21767
21768
21769
21770
21772
21773
21774
21775
21776
21777
21778
21780
21781
21782
21784
21785
21786
21787
21788
21789
21792
21793
21794
21795
21796
21797
21800
21801
21802
21805
21806
21807
21808
21809
21811
21812
21817
21821
21823
21824
21825
21830
21835
21838
21841
21843
21844
21845
21846
21848
21850
21851
21852
21853
21854
21855
21859
21860
21861
21862
21863
21864
21866
21867
21868
21869
21871
21872
21875
21880
21883
21886
21888
21889
21890
21891
21892
21893
21896
21897
21898
21900
21904
21907
21909
21910
21911
21914
21916
21917
21920
21924
21925
21928
21930
21931
21933
21934
21935
21937
21938
21940
21941
21942
21944
21949
21951
21952
21956
21958
21963
21967
21968
21972
21973
21974
21976
21978
21979
21980
21982
21983
21985
21986
21987
21988
21989
21992
21993
21994
21995
21997
21998
21999
22000
22003
22004
22005
22006
22009
22012
22014
22016
22017
22019
22020
22021
22022
22023
22024
22026
22028
22029
22030
22031
22032
22033
22034
22035
22036
22037
22042
22043
22047
22050
22051
22052
22053
22054
22055
22057
22060
22069
22073
22074
22075
22077
22078
22079
22081
22082
22083
22088
22090
22092
22093
22094
22095
22096
22097
22098
22099
22100
22101
22102
22103
22104
22105
22106
22107
22108
22109
22110
22111
22112
22113
22114
22115
22116
22117
22118
22119
22120
22123
22124
22126
22127
22129
22131
22132
22135
22139
22141
22144
22150
22151
22152
22153
22154
22155
22156
22160
22162
22165
22168
22169
22171
22175
22179
22180
22182
22183
22184
22185
22186
22189
22191
22192
22193
22194
22195
22196
22197
22199
22200
22201
22202
22203
22205
22206
22207
22208
22210
22211
22212
22213
22214
22215
22216
22217
22219
22220
22222
22224
22225
22226
22227
22228
22229
22234
22238
22240
22241
22242
22243
22244
22246
22249
22252
22253
22255
22256
22257
22258
22259
22261
22264
22270
22272
22273
22276
22277
22278
22280
22281
22282
22285
22286
22287
22288
22289
22290
22291
22294
22295
22296
22297
22299
22300
22301
22302
22303
22304
22305
22306
22308
22309
22311
22312
22313
22314
22315
22316
22317
22318
22319
22320
22321
22323
22324
22325
22326
22328
22329
22330
22331
22332
22333
22334
22335
22336
22338
22339
22340
22341
22342
22343
22344
22345
22346
22348
22349
22350
22351
22352
22356
22357
22358
22359
22361
22363
22367
22368
22369
22374
22376
22377
22380
22381
22382
22384
22387
22388
22390
22391
22393
22397
22403
22404
22405
22408
22411
22413
22414
22417
22419
22422
22423
22424
22425
22426
22427
22429
22432
22435
22438
22440
22441
22444
22447
22449
22450
22452
22455
22456
22457
22458
22459
22464
22468
22469
22471
22474
22477
22478
22480
22481
22482
22483
22484
22487
22492
22495
22496
22498
22501
22502
22503
22506
22513
22514
22515
22516
22519
22520
22521
22522
22524
22525
22526
22528
22530
22536
22537
22546
22550
22551
22552
22561
22564
22565
22567
22570
22571
22573
22574
22576
22578
22583
22588
22591
22592
22593
22594
22595
22597
22599
22604
22605
22606
22609
22616
22617
22618
22619
22622
22623
22624
22627
22629
22630
22632
22636
22638
22639
22643
22644
22645
22646
22648
22652
22654
22655
22657
22658
22659
22660
22661
22663
22664
22666
22669
22671
22672
22673
22675
22677
22678
22680
22681
22682
22687
22689
22690
22693
22695
22696
22699
22702
22706
22708
22711
22712
22713
22714
22715
22716
22720
22721
22726
22729
22735
22739
22741
22744
22745
22747
22753
22756
22759
22766
22770
22771
22774
22776
22777
22778
22780
22781
22783
22784
22785
22787
22792
22793
22795
22798
22799
22801
22802
22803
22805
22812
22813
22814
22819
22822
22825
22828
22831
22835
22841
22843
22846
22849
22851
22852
22855
22857
22858
22861
22863
22865
22879
22881
22882
22883
22893
22894
22895
22896
22897
22898
22899
22906
22910
22912
22916
22917
22918
22920
22921
22922
22927
22928
22929
22930
22932
22936
22938
22939
22942
22945
22949
22955
22958
22962
22963
22964
22965
22966
22967
22970
22972
22973
22974
22975
22976
22978
22980
22981
22984
22986
22987
22988
22991
22992
22993
22994
22995
22996
22997
23002
23003
23006
23009
23010
23012
23013
23014
23015
23017
23018
23020
23029
23030
23031
23032
23035
23036
23039
23040
23042
23043
23044
23047
23053
23058
23059
23062
23063
23064
23065
23068
23069
23077
23083
23084
23086
23088
23090
23092
23095
23098
23099
23101
23103
23104
23108
23111
23113
23114
23116
23118
23119
23120
23121
23122
23123
23124
23125
23126
23127
23131
23140
23144
23145
23147
23148
23149
23155
23162
23167
23170
23172
23173
23179
23182
23185
23188
23191
23200
23202
23206
23207
23208
23209
23216
23220
23221
23222
23223
23224
23227
23229
23230
23234
23235
23236
23240
23242
23244
23245
23248
23254
23255
23257
23258
23260
23262
23263
23269
23270
23271
23272
23275
23277
23279
23280
23281
23282
23284
23285
23286
23287
23288
23290
23292
23293
23296
23297
23298
23299
23302
23305
23308
23309
23311
23312
23315
23320
23323
23324
23327
23329
23332
23335
23338
23341
23342
23344
23345
23347
23348
23349
23351
23354
23359
23365
23367
23368
23369
23370
23371
23373
23374
23377
23379
23380
23383
23393
23398
23399
23401
23402
23403
23404
23405
23406
23407
23410
23413
23414
23415
23416
23417
23418
23419
23422
23423
23425
23426
23427
23429
23430
23431
23432
23434
23435
23436
23438
23439
23440
23441
23442
23443
23444
23446
23447
23449
23450
23452
23453
23454
23455
23457
23470
23474
23476
23477
23480
23481
23482
23485
23486
23487
23489
23491
23501
23502
23503
23506
23510
23512
23518
23520
23522
23523
23524
23525
23526
23527
23532
23533
23534
23536
23538
23541
23544
23545
23548
23551
23554
23555
23557
23560
23563
23565
23566
23569
23570
23572
23575
23576
23577
23580
23581
23583
23584
23585
23586
23587
23588
23589
23590
23592
23593
23595
23596
23597
23598
23599
23600
23601
23602
23603
23604
23605
23606
23607
23608
23609
23610
23611
23612
23613
23614
23618
23620
23621
23623
23624
23625
23626
23628
23631
23632
23633
23634
23635
23636
23638
23639
23641
23642
23643
23644
23647
23652
23653
23654
23655
23657
23659
23663
23664
23666
23669
23670
23672
23673
23674
23675
23677
23678
23679
23683
23687
23689
23691
23695
23696
23701
23702
23704
23707
23709
23712
23716
23717
23718
23720
23722
23723
23726
23727
23728
23730
23731
23732
23733
23734
23741
23745
23746
23754
23755
23756
23757
23758
23760
23761
23767
23779
23782
23785
23791
23792
23793
23796
23797
23801
23802
23803
23809
23812
23813
23815
23816
23821
23822
23824
23833
23836
23839
23842
23843
23844
23845
23848
23849
23851
23854
23855
23856
23857
23860
23865
23866
23868
23870
23873
23875
23876
23878
23879
23884
23893
23894
23895
23896
23898
23899
23900
23901
23902
23905
23909
23910
23914
23915
23917
23920
23922
23923
23926
23929
23932
23933
23934
23936
23938
23939
23940
23941
23942
23944
23945
23947
23948
23949
23952
23954
23957
23958
23959
23965
23971
23972
23974
23975
23977
23978
23982
23984
23985
23986
23987
23988
23989
23990
23991
23992
23996
23997
23998
23999
24000
24001
24002
24004
24005
24010
24011
24014
24020
24021
24022
24023
24026
24028
24031
24034
24036
24038
24040
24041
24042
24044
24045
24047
24050
24051
24052
24053
24054
24056
24057
24058
24061
24062
24063
24064
24068
24069
24070
24071
24072
24073
24075
24076
24077
24078
24079
24082
24083
24085
24086
24087
24088
24095
24096
24098
24099
24102
24103
24104
24106
24107
24110
24116
24117
24118
24121
24123
24124
24127
24129
24130
24131
24133
24134
24136
24138
24139
24140
24141
24142
24145
24146
24149
24151
24152
24156
24157
24160
24162
24163
24170
24172
24173
24174
24178
24181
24183
24184
24191
24193
24194
24195
24196
24197
24198
24199
24200
24202
24205
24208
24210
24211
24212
24213
24214
24217
24221
24223
24226
24227
24230
24232
24236
24237
24238
24240
24241
24253
24256
24257
24259
24262
24269
24274
24283
24289
24292
24293
24295
24298
24301
24310
24311
24313
24314
24319
24325
24326
24328
24331
24332
24333
24334
24337
24338
24340
24346
24348
24349
24350
24351
24357
24358
24364
24367
24368
24369
24370
24372
24374
24376
24378
24379
24380
24381
24382
24383
24384
24385
24386
24387
24388
24389
24390
24393
24399
24400
24402
24406
24409
24410
24412
24415
24416
24418
24421
24422
24425
24430
24432
24434
24436
24439
24442
24444
24445
24448
24449
24450
24454
24460
24461
24463
24466
24468
24472
24475
24478
24479
24484
24488
24491
24497
24499
24502
24503
24504
24505
24508
24514
24517
24519
24520
24521
24526
24529
24531
24532
24535
24536
24538
24539
24544
24547
24548
24550
24553
24565
24574
24577
24579
24580
24583
24586
24588
24596
24597
24603
24604
24605
24607
24608
24610
24612
24614
24616
24619
24620
24621
24622
24624
24625
24626
24628
24629
24631
24632
24634
24638
24639
24640
24642
24643
24647
24651
24652
24655
24658
24660
24666
24667
24669
24670
24671
24673
24676
24678
24680
24685
24691
24694
24695
24696
24697
24700
24706
24710
24712
24715
24718
24721
24725
24726
24729
24730
24733
24735
24736
24739
24742
24743
24745
24748
24749
24751
24754
24755
24757
24759
24761
24762
24763
24764
24765
24766
24767
24769
24770
24771
24772
24773
24775
24776
24777
24780
24781
24782
24784
24787
24788
24792
24793
24794
24795
24796
24797
24799
24802
24803
24805
24809
24810
24811
24812
24814
24815
24816
24817
24818
24819
24820
24821
24824
24826
24829
24832
24833
24834
24835
24837
24842
24844
24847
24849
24852
24855
24856
24858
24861
24862
24863
24865
24867
24868
24869
24870
24872
24874
24877
24883
24887
24892
24893
24894
24896
24897
24901
24904
24905
24907
24909
24910
24912
24913
24914
24915
24916
24919
24921
24922
24923
24925
24926
24928
24932
24933
24934
24937
24940
24941
24945
24947
24948
24949
24950
24952
24956
24957
24959
24962
24964
24966
24967
24969
24970
24976
24977
24979
24982
24985
24987
24990
24992
24995
24998
25000
25002
25003
25006
25008
25009
25012
25018
25019
25020
25024
25027
25028
25033
25035
25036
25037
25038
25041
25043
25046
25047
25048
25049
25050
25051
25052
25054
25055
25056
25058
25060
25061
25062
25063
25065
25066
25067
25068
25069
25070
25073
25074
25075
25076
25078
25081
25082
25083
25088
25091
25094
25096
25097
25100
25102
25104
25105
25106
25111
25112
25116
25117
25121
25123
25125
25126
25127
25129
25135
25137
25139
25141
25143
25144
25145
25147
25149
25150
25153
25156
25157
25159
25160
25162
25163
25165
25166
25167
25168
25169
25171
25174
25175
25177
25180
25182
25183
25186
25187
25191
25192
25193
25195
25201
25202
25203
25204
25207
25208
25210
25214
25216
25217
25218
25220
25222
25223
25224
25228
25229
25231
25232
25233
25234
25235
25237
25241
25243
25244
25245
25246
25248
25249
25250
25252
25253
25254
25255
25257
25259
25261
25264
25265
25266
25267
25269
25271
25272
25273
25275
25276
25278
25281
25282
25284
25287
25290
25291
25292
25293
25294
25296
25297
25299
25300
25302
25303
25304
25305
25308
25309
25310
25311
25313
25314
25315
25316
25317
25318
25320
25321
25323
25324
25327
25331
25333
25336
25337
25338
25339
25340
25342
25344
25345
25346
25347
25348
25349
25350
25351
25352
25354
25355
25356
25357
25362
25364
25365
25366
25369
25376
25378
25380
25381
25382
25383
25384
25394
25395
25396
25397
25400
25401
25403
25405
25407
25408
25409
25410
25411
25412
25413
25414
25416
25418
25421
25422
25423
25424
25425
25426
25427
25428
25429
25430
25431
25433
25434
25435
25436
25437
25438
25439
25440
25441
25442
25443
25444
25445
25447
25448
25449
25451
25452
25453
25454
25455
25456
25457
25458
25459
25460
25461
25463
25465
25466
25467
25468
25469
25470
25471
25472
25473
25476
25477
25478
25479
25480
25481
25482
25483
25484
25485
25486
25487
25488
25489
25490
25492
25493
25494
25495
25496
25497
25498
25499
25500
25501
25502
25504
25505
25506
25507
25508
25509
25510
25511
25513
25514
25515
25516
25517
25518
25519
25520
25521
25522
25523
25524
25525
25526
25528
25529
25531
25532
25533
25534
25535
25536
25537
25538
25539
25540
25541
25542
25543
25544
25546
25547
25548
25549
25550
25551
25552
25553
25554
25555
25556
25557
25558
25559
25561
25562
25563
25564
25565
25566
25567
25568
25569
25571
25572
25573
25575
25576
25577
25578
25580
25583
25584
25585
25586
25587
25589
25590
25592
25593
25594
25595
25596
25597
25598
25599
25602
25603
25605
25606
25607
25609
25611
25612
25613
25614
25615
25616
25617
25618
25621
25622
25623
25624
25625
25626
25629
25630
25631
25633
25634
25635
25636
25638
25640
25641
25642
25644
25645
25646
25647
25649
25650
25651
25652
25653
25654
25655
25656
25657
25658
25660
25663
25664
25665
25667
25669
25671
25672
25673
25674
25675
25676
25677
25678
25679
25680
25681
25684
25685
25686
25687
25688
25689
25690
25691
25692
25693
25694
25695
25697
25699
25700
25701
25702
25703
25705
25706
25708
25710
25711
25712
25713
25714
25715
25718
25719
25720
25721
25722
25724
25725
25726
25727
25728
25729
25731
25733
25735
25740
25741
25742
25743
25744
25745
25747
25749
25751
25752
25753
25757
25759
25765
25766
25767
25769
25770
25771
25773
25775
25776
25777
25780
25782
25783
25784
25785
25788
25790
25791
25792
25793
25794
25795
25797
25798
25800
25801
25803
25809
25810
25812
25815
25816
25817
25818
25819
25820
25821
25822
25823
25824
25825
25827
25830
25831
25833
25835
25836
25838
25839
25840
25841
25842
25843
25844
25845
25847
25848
25850
25851
25852
25854
25855
25858
25859
25860
25864
25865
25866
25867
25870
25872
25877
25878
25879
25881
25882
25885
25886
25887
25888
25889
25891
25895
25896
25897
25899
25902
25903
25904
25905
25906
25907
25909
25910
25911
25912
25913
25915
25916
25917
25919
25921
25922
25923
25924
25925
25927
25929
25930
25931
25932
25934
25936
25937
25938
25941
25942
25944
25945
25946
25947
25948
25949
25950
25951
25953
25954
25955
25956
25958
25959
25960
25961
25962
25963
25964
25965
25968
25969
25970
25971
25972
25973
25974
25975
25976
25978
25979
25980
25981
25983
25984
25985
25986
25987
25989
25990
25991
25992
25993
25996
25998
26002
26004
26006
26009
26010
26011
26012
26013
26014
26019
26020
26021
26022
26023
26024
26025
26028
26029
26031
26032
26035
26037
26038
26039
26040
26042
26044
26045
26047
26048
26049
26051
26053
26055
26056
26057
26058
26059
26060
26062
26063
26064
26065
26066
26069
26071
26072
26073
26075
26076
26078
26080
26082
26084
26086
26088
26090
26091
26093
26094
26096
26098
26099
26100
26101
26102
26104
26105
26106
26107
26108
26109
26110
26111
26113
26114
26115
26116
26117
26120
26122
26123
26124
26125
26126
26128
26129
26130
26131
26133
26135
26139
26140
26141
26142
26143
26144
26145
26146
26147
26148
26149
26150
26151
26152
26153
26154
26155
26156
26158
26159
26160
26161
26162
26164
26165
26166
26167
26170
26171
26172
26173
26174
26176
26177
26178
26179
26180
26181
26182
26183
26185
26186
26187
26188
26189
26191
26192
26193
26195
26196
26197
26198
26199
26201
26204
26205
26207
26208
26209
26211
26213
26217
26248
26250
26253
26256
26257
26258
26259
26261
26262
26263
26265
26266
26267
26268
26269
26270
26271
26272
26273
26274
26277
26286
26291
26293
26294
26295
26298
26299
26301
26302
26305
26306
26307
26308
26309
26311
26312
26313
26314
26318
26319
26320
26322
26324
26325
26326
26330
26331
26333
26334
26335
26338
26340
26347
26348
26350
26351
26353
26354
26355
26356
26358
26365
26366
26370
26372
26376
26380
26387
26389
26391
26392
26393
26394
26395
26398
26401
26402
26404
26408
26409
26416
26418
26419
26424
26425
26426
26428
26430
26432
26433
26435
26436
26437
26439
26440
26441
26442
26443
26446
26447
26450
26452
26454
26455
26456
26458
26459
26461
26463
26464
26465
26466
26467
26469
26471
26526
26527
26528
26529
26530
26531
26533
26534
26535
26536
26537
26538
26539
26540
26542
26543
26544
26545
26546
26549
26550
26551
26552
26555
26557
26558
26561
26562
26563
26565
26566
26567
26568
26569
26571
26573
26576
26577
26579
26585
26586
26588
26589
26591
26593
26594
26597
26600
26601
26606
26607
26609
26611
26612
26615
26620
26621
26622
26624
26625
26634
26636
26639
26640
26641
26642
26644
26645
26647
26648
26650
26651
26653
26660
26663
26664
26665
26677
26679
26680
26681
26684
26688
26690
26692
26693
26700
26702
26708
26709
26710
26712
26713
26717
26718
26720
26721
26723
26724
26726
26727
26728
26729
26730
26731
26732
26735
26742
26743
26744
26746
26750
26752
26753
26754
26755
26756
26758
26759
26760
26761
26763
26765
26767
26768
26769
26771
26773
26774
26775
26776
26779
26780
26781
26783
26784
26787
26789
26790
26792
26793
26795
26799
26801
26803
26804
26807
26810
26811
26814
26815
26816
26819
26820
26821
26822
26823
26824
26826
26828
26833
26834
26840
26841
26842
26843
26846
26847
26849
26855
26858
26861
26864
26867
26870
26871
26873
26876
26879
26882
26885
26889
26892
26894
26895
26896
26897
26898
26900
26901
26902
26903
26904
26906
26907
26909
26911
26912
26915
26916
26918
26921
26922
26924
26927
26929
26934
26936
26937
26939
26942
26945
26946
26947
26948
26951
26952
26954
26955
26957
26959
26960
26963
26964
26966
26967
26972
26973
26975
26977
26978
26981
26982
26984
26985
26986
26987
26990
26993
26994
26995
26996
26999
27002
27005
27007
27008
27011
27012
27014
27017
27019
27020
27021
27024
27027
27029
27032
27035
27038
27039
27040
27044
27046
27047
27049
27050
27051
27056
27059
27062
27063
27071
27074
27076
27077
27080
27083
27084
27086
27087
27088
27090
27092
27094
27095
27098
27104
27107
27110
27112
27116
27117
27120
27122
27125
27128
27131
27132
27133
27134
27135
27136
27137
27139
27140
27141
27142
27143
27145
27146
27147
27149
27150
27152
27155
27156
27158
27163
27164
27165
27167
27169
27171
27176
27183
27187
27204
27206
27207
27208
27210
27212
27213
27214
27215
27216
27217
27219
27220
27221
27222
27223
27224
27225
27226
27228
27230
27232
27233
27234
27235
27236
27237
27238
27239
27240
27241
27242
27244
27245
27247
27251
27252
27253
27256
27258
27259
27260
27261
27263
27264
27265
27267
27269
27270
27271
27272
27273
27274
27275
27276
27280
27281
27282
27285
27286
27287
27289
27291
27292
27293
27294
27295
27296
27297
27298
27299
27301
27302
27303
27304
27307
27308
27311
27315
27316
27317
27318
27319
27320
27322
27323
27324
27327
27328
27331
27335
27336
27338
27341
27342
27343
27344
27346
27348
27350
27351
27354
27355
27356
27358
27359
27360
27361
27362
27363
27364
27366
27367
27371
27372
27373
27374
27375
27376
27378
27379
27380
27382
27383
27384
27386
27396
27397
27398
27399
27400
27401
27402
27403
27404
27405
27406
27407
27408
27409
27411
27412
27413
27414
27415
27416
27418
27419
27420
27421
27422
27424
27425
27426
27427
27428
27430
27431
27432
27433
27434
27437
27438
27440
27441
27442
27444
27446
27447
27450
27451
27453
27454
27455
27456
27459
27461
27463
27465
27467
27469
27470
27471
27472
27474
27475
27476
27477
27478
27481
27482
27483
27484
27486
27488
27489
27490
27491
27493
27494
27495
27496
27497
27498
27499
27500
27501
27503
27504
27505
27506
27509
27510
27511
27513
27514
27515
27516
27518
27519
27520
27521
27522
27524
27525
27526
27527
27529
27531
27532
27533
27534
27535
27536
27538
27539
27541
27542
27544
27545
27546
27549
27553
27554
27555
27556
27558
27559
27560
27561
27562
27563
27564
27567
27570
27572
27573
27575
27576
27577
27578
27580
27582
27583
27584
27585
27586
27588
27589
27590
27591
27593
27594
27595
27596
27597
27598
27600
27602
27603
27604
27607
27609
27610
27612
27613
27616
27617
27618
27619
27620
27621
27622
27625
27626
27628
27629
27630
27632
27633
27634
27635
27636
27637
27639
27641
27643
27644
27645
27649
27651
27652
27653
27654
27655
27656
27657
27658
27659
27660
27661
27662
27663
27665
27666
27667
27669
27670
27671
27672
27673
27674
27675
27676
27678
27679
27682
27683
27684
27685
27686
27688
27689
27690
27691
27692
27693
27694
27697
27698
27699
27700
27703
27704
27706
27707
27708
27709
27710
27711
27713
27715
27717
27719
27720
27722
27727
27731
27732
27733
27735
27736
27737
27738
27739
27740
27741
27742
27744
27746
27747
27748
27750
27751
27752
27753
27754
27756
27758
27759
27894
27895
27896
27897
27899
27900
27901
27902
27903
27906
27907
27911
27912
27914
27915
27916
27919
27920
27921
27922
27923
27924
27925
27926
27928
27929
27930
27932
27933
27937
27938
27939
27940
27941
27942
27944
27945
27946
27948
27950
27952
27955
27956
27957
27958
27960
27961
27962
27964
27965
27967
27970
27971
27972
27974
27976
27977
27978
27979
27980
27981
27982
27983
27984
27985
27986
27987
27989
27990
27992
27993
27994
27995
27996
27998
27999
28000
28001
28003
28005
28006
28008
28009
28010
28011
28013
28014
28015
28016
28026
28027
28028
28029
28031
28032
28037
28041
28042
28043
28044
28045
28046
28048
28050
28052
28053
28054
28055
28056
28057
28058
28059
28061
28062
28065
28066
28067
28068
28070
28073
28074
28075
28076
28077
28078
28079
28080
28081
28082
28083
28084
28085
28086
28087
28088
28089
28090
28093
28094
28095
28096
28097
28098
28099
28100
28101
28102
28103
28104
28105
28106
28108
28109
28110
28112
28113
28114
28115
28116
28117
28118
28119
28120
28121
28122
28123
28126
28128
28129
28130
28132
28133
28134
28135
28139
28141
28144
28145
28146
28147
28149
28151
28153
28154
28155
28156
28158
28159
28160
28162
28163
28164
28165
28166
28167
28168
28169
28170
28171
28174
28175
28177
28178
28179
28180
28183
28184
28185
28187
28188
28191
28193
28194
28195
28196
28198
28199
28200
28201
28202
28203
28204
28207
28208
28209
28211
28212
28214
28215
28216
28220
28221
28222
28223
28225
28226
28227
28229
28230
28232
28233
28236
28237
28238
28239
28240
28242
28244
28245
28246
28248
28249
28250
28251
28253
28254
28255
28256
28277
28278
28280
28281
28282
28283
28284
28286
28287
28288
28289
28290
28291
28292
28293
28294
28295
28296
28297
28300
28302
28303
28304
28305
28306
28307
28308
28309
28310
28311
28312
28313
28314
28315
28318
28320
28321
28325
28326
28327
28328
28329
28331
28332
28333
28334
28335
28336
28337
28338
28339
28340
28341
28342
28344
28346
28347
28349
28350
28351
28352
28354
28355
28356
28357
28358
28359
28360
28361
28362
28363
28364
28365
28366
28367
28368
28369
28370
28371
28372
28373
28374
28375
28376
28377
28378
28380
28381
28382
28383
28384
28387
28389
28390
28391
28392
28393
28394
28395
28396
28399
28401
28402
28405
28406
28409
28410
28411
28412
28414
28416
28420
28422
28423
28432
28435
28436
28441
28451
28453
28455
28456
28457
28458
28459
28460
28462
28465
28467
28471
28472
28473
28476
28480
28481
28482
28483
28486
28487
28492
28493
28494
28498
28500
28507
28508
28509
28510
28511
28512
28513
28514
28515
28516
28519
28520
28521
28523
28528
28531
28535
28536
28539
28541
28542
28543
28545
28546
28550
28551
28552
28556
28557
28559
28562
28565
28566
28567
28568
28570
28572
28574
28575
28576
28578
28580
28581
28582
28585
28586
28591
28594
28600
28603
28606
28609
28610
28615
28618
28620
28621
28622
28624
28625
28627
28628
28629
28630
28631
28632
28637
28638
28639
28643
28644
28646
28647
28648
28651
28653
28655
28657
28658
28661
28663
28664
28673
28674
28675
28676
28677
28678
28679
28680
28681
28682
28683
28685
28687
28688
28689
28690
28691
28692
28693
28695
28696
28697
28698
28702
28703
28704
28705
28706
28708
28709
28711
28712
28714
28715
28716
28717
28720
28723
28724
28725
28727
28728
28732
28733
28734
28735
28736
28737
28738
28739
28741
28742
28743
28744
28745
28747
28748
28750
28751
28752
28754
28755
28756
28757
28758
28759
28760
28761
28762
28763
28765
28767
28768
28770
28773
28774
28775
28776
28777
28779
28781
28789
28790
28791
28792
28795
28798
28799
28801
28803
28805
28806
28807
28808
28809
28810
28811
28812
28813
28814
28817
28818
28819
28820
28821
28822
28823
28824
28826
28827
28828
28829
28830
28831
28833
28834
28835
28836
28837
28839
28841
28842
28843
28844
28845
28846
28847
28848
28849
28850
28851
28852
28853
28854
28855
28856
28857
28858
28859
28860
28861
28862
28863
28864
28866
28867
28868
28869
28870
28871
28872
28873
28874
28875
28876
28877
28878
28879
28880
28881
28882
28883
28884
28885
28887
28888
28889
28890
28892
28893
28894
28895
28896
28898
28899
28900
28901
28902
28903
28904
28905
28907
28908
28909
28910
28911
28912
28913
28914
28915
28916
28917
28918
28919
28920
28921
28922
28923
28924
28925
28926
28927
28928
28930
28931
28932
28936
28937
28939
28940
28945
28946
28948
28951
28952
28954
28955
28957
28959
28960
28961
28963
28967
28968
28969
28972
28973
28975
28976
28977
28978
28979
28980
28981
28983
28984
28985
28986
28989
28992
28994
28995
28998
29000
29001
29002
29004
29005
29006
29008
29009
29010
29011
29012
29013
29014
29016
29017
29019
29020
29021
29022
29023
29024
29025
29026
29027
29028
29029
29031
29032
29033
29034
29035
29036
29037
29039
29041
29044
29045
29047
29050
29052
29056
29060
29061
29062
29065
29067
29071
29072
29073
29074
29077
29078
29080
29081
29083
29084
29085
29086
29088
29089
29090
29095
29098
29100
29101
29104
29108
29109
29110
29112
29114
29115
29118
29119
29120
29122
29125
29128
29131
29134
29135
29137
29138
29139
29140
29143
29144
29146
29147
29148
29149
29151
29153
29154
29160
29161
29162
29167
29171
29172
29173
29177
29179
29180
29183
29185
29188
29192
29194
29195
29197
29199
29200
29201
29202
29203
29204
29205
29206
29209
29212
29215
29218
29221
29222
29224
29227
29229
29230
29231
29233
29234
29235
29236
29237
29238
29239
29240
29241
29242
29243
29244
29245
29246
29247
29249
29250
29253
29254
29256
29257
29259
29260
29262
29263
29264
29266
29268
29269
29271
29272
29274
29275
29278
29279
29280
29281
29282
29284
29285
29287
29290
29291
29292
29293
29294
29296
29299
29300
29301
29303
29304
29305
29307
29308
29311
29314
29315
29316
29317
29319
29320
29321
29323
29324
29326
29330
29332
29333
29334
29335
29336
29337
29341
29342
29344
29347
29348
29350
29353
29355
29356
29358
29359
29360
29361
29362
29363
29364
29365
29366
29367
29368
29369
29370
29371
29372
29374
29375
29376
29377
29379
29380
29382
29383
29384
29385
29386
29389
29391
29392
29394
29395
29396
29397
29398
29399
29400
29401
29402
29403
29404
29405
29406
29407
29408
29409
29410
29412
29413
29414
29415
29416
29417
29418
29419
29420
29421
29422
29424
29425
29426
29427
29428
29429
29430
29431
29433
29434
29436
29437
29440
29441
29442
29443
29445
29446
29447
29449
29451
29452
29455
29459
29460
29461
29462
29463
29464
29465
29466
29467
29468
29470
29471
29472
29473
29474
29476
29477
29478
29479
29482
29485
29488
29492
29493
29494
29498
29499
29500
29502
29503
29507
29508
29509
29511
29512
29513
29514
29515
29516
29518
29520
29521
29522
29523
29524
29525
29526
29527
29528
29529
29530
29532
29533
29558
29559
29560
29562
29563
29565
29567
29568
29570
29572
29574
29577
29578
29579
29580
29581
29582
29585
29586
29587
29592
29593
29594
29595
29596
29597
29598
29600
29603
29604
29606
29607
29608
29609
29612
29613
29614
29615
29616
29617
29619
29620
29622
29623
29625
29626
29627
29628
29632
29633
29635
29637
29638
29639
29640
29641
29642
29645
29646
29647
29648
29649
29651
29652
29653
29654
29655
29657
29658
29659
29661
29663
29666
29667
29668
29669
29670
29672
29673
29674
